#T/K Taveraged/K integrand/(eV K^2) rho/A^-3 potentialEnergy/(eV) P/bar Ptarget/bar v/A^3
725 725.714410389576 -7.30507582352763e-06 0.202068620153037 -4.7104384535385 249926.807565784 250000 4.94881391896797
750 749.934002282509 -6.82748402704823e-06 0.201691605449447 -4.70657327888884 249701.971728609 250000 4.95806455490109
775 774.601802388638 -6.38284302407643e-06 0.201309409054028 -4.70270504122445 250152.171211487 250000 4.96747769862868
800 800.406969624973 -5.96599825381011e-06 0.200760580930173 -4.69888697023036 249536.587497227 250000 4.98105751321676
825 825.617292294943 -5.59219264689013e-06 0.200369388614794 -4.69542211015704 250201.839712104 250000 4.99078230918038
850 850.817766672032 -5.25664151547591e-06 0.199980888626617 -4.69231808526102 249849.720226518 250000 5.00047782999451
875 874.813190976542 -4.96035746528671e-06 0.199537676046024 -4.68885053229586 250165.74861998 250000 5.01158487868399
900 898.975636830658 -4.68774861348857e-06 0.199305344922435 -4.68456845593509 249905.574544337 250000 5.01742690538067
925 925.679459768988 -4.41112621860891e-06 0.198891719462999 -4.68125554100212 249973.078428774 250000 5.02786140468778
950 952.037732581407 -4.16056366719236e-06 0.198567239489656 -4.67820866721156 250317.736572302 250000 5.0360774645915
975 973.896697229037 -3.97130020823852e-06 0.198315443351519 -4.67474940844994 249429.517297162 250000 5.04247164567751
1000 1000.95642722724 -3.74904382566175e-06 0.197914522081038 -4.67153935639715 250087.566115351 250000 5.0526863288513
1000 999.218294242848 -3.76184652226391e-06 0.19783310717348 -4.67199977121235 250193.692313266 250000 5.05476567743082
1025 1024.6640128175 -3.57060784483801e-06 0.197576787768619 -4.66863341191412 250035.120482535 250000 5.06132330267003
1050 1049.15357727492 -3.39788054788848e-06 0.197205937233371 -4.66506841255626 250093.644356431 250000 5.07084124357074
1075 1075.05117487208 -3.23085422147316e-06 0.19692348290304 -4.66190872543767 249810.052055351 250000 5.07811453087276
1100 1099.63484341698 -3.0801393515946e-06 0.196571678288227 -4.65875040681834 250296.012713554 250000 5.08720283973834
1125 1125.70958407058 -2.9336934481241e-06 0.196342945821316 -4.65554624347461 249931.85697157 250000 5.09312924799479
1150 1149.87446977212 -2.80639263559806e-06 0.195999541851866 -4.65266547796332 250142.274948837 250000 5.10205274232625
1175 1176.11768330933 -2.6773080030814e-06 0.19568077074907 -4.64986265806949 249995.347588443 250000 5.11036417207464
1200 1201.4233591745 -2.55980543512801e-06 0.195372871044047 -4.64645916334746 249983.036548403 250000 5.11841789833016
1225 1225.23432246341 -2.45670346526105e-06 0.195068660683537 -4.64341100409543 249783.644872852 250000 5.12640009161859
1250 1249.71217123481 -2.3566629095462e-06 0.194816947579479 -4.6402230886538 249972.050728743 250000 5.13302365335558
1275 1274.98835882654 -2.25854736737328e-06 0.194513538572005 -4.63697559512216 250350.831202675 250000 5.14103032283186
1300 1300.97776495723 -2.1652408918929e-06 0.194317990942884 -4.63410892070601 250316.313030508 250000 5.14620388543401
