#T/K Taveraged/K integrand/(eV K^2) rho/A^-3 potentialEnergy/(eV) P/bar Ptarget/bar v/A^3
550 550.88875111101 -1.33657615600454e-05 0.195380637718025 -4.76343649685862 199858.374774095 200000 5.11821443352647
575 575.253701354406 -1.22299044951809e-05 0.194971875072168 -4.75902172415254 199982.426359989 200000 5.12894487797203
600 599.766069196597 -1.12298869851844e-05 0.194565397651553 -4.75538053355149 199828.422223624 200000 5.13966004269113
625 624.802575017843 -1.03254444116578e-05 0.194015945428022 -4.75175053917403 199794.493792553 200000 5.15421553519162
650 650.037762188837 -9.51483722834122e-06 0.193534819209363 -4.7477216582002 200283.021831516 200000 5.16702887927477
675 675.033398635356 -8.80674769325223e-06 0.193116211554437 -4.74355802992641 199931.893187305 200000 5.17822917066759
700 700.472699811218 -8.16090174958855e-06 0.192623692877606 -4.73957618598713 199779.500735626 200000 5.19146936215891
725 723.682611860849 -7.63044823185442e-06 0.192154593347058 -4.73612844712297 199917.000600298 200000 5.20414309427338
750 751.085839252671 -7.06618634976003e-06 0.191649624902066 -4.73203332955427 200051.755512288 200000 5.21785524240397
775 774.410020626168 -6.631525146781e-06 0.191243554959336 -4.72812497445121 200418.733616149 200000 5.22893438271753
800 800.014409489374 -6.20238634483422e-06 0.190664920091699 -4.72524730879912 199980.717047071 200000 5.24480328903218
825 825.491174800962 -5.81430969819451e-06 0.190414633610792 -4.72135799185427 199914.16954367 200000 5.25169720959578
850 849.858923539786 -5.47458466779868e-06 0.189851209773077 -4.71835155069023 199947.998820064 200000 5.26728273786228
850 850.630134739207 -5.46529821773888e-06 0.189954232094446 -4.71801394303055 199853.315334162 200000 5.26442600922308
875 874.785772437862 -5.1575328571298e-06 0.189582046258776 -4.71480624254995 199794.029781759 200000 5.27476108489206
900 899.705384145952 -4.86533310344888e-06 0.188983651522138 -4.7115948445009 199743.040135817 200000 5.29146300193516
925 925.519791310175 -4.58814741857305e-06 0.188711225841897 -4.70847301734236 199929.280926053 200000 5.29910181834017
950 949.564516407588 -4.35144119683742e-06 0.188370803025852 -4.70489708165471 199620.235330583 200000 5.30867832985115
975 974.454807576294 -4.12134432784476e-06 0.187963016850942 -4.70185881597746 200410.39281598 200000 5.32019551906331
1000 1000.66870803637 -3.90247279549658e-06 0.187568399423198 -4.69869097863467 199610.892623626 200000 5.33138845922425
1025 1026.09295371879 -3.70430968985448e-06 0.187157057928511 -4.69593254291189 199660.420526968 200000 5.34310600448729
1050 1050.5157844354 -3.52595074298531e-06 0.186880924877917 -4.69248168463433 200017.860090829 200000 5.35100091490485
1075 1074.65535695134 -3.36349748953615e-06 0.186540417936209 -4.68895379821159 199759.612175205 200000 5.36076851903467
1100 1098.7029906917 -3.21148911505934e-06 0.186203949992292 -4.6860454154392 199968.043972241 200000 5.370455353076
1125 1123.78010419649 -3.06323102147748e-06 0.185815735536559 -4.68322986742253 200036.238111287 200000 5.38167554600482
1150 1148.67987096707 -2.92699556993996e-06 0.185546825895977 -4.68027404997033 199942.855359429 200000 5.3894751105073
1200 1200.7002034558 -2.66866760764552e-06 0.184773270127316 -4.67456903242564 199730.208919538 200000 5.41203822019798
1225 1225.12764471569 -2.55729535522549e-06 0.184420932508163 -4.67161857423699 200294.106453565 200000 5.42237796111206
1250 1250.05215851514 -2.4523625019231e-06 0.184213806516529 -4.66845861808022 200123.972355708 200000 5.42847476478518
1275 1273.59373810387 -2.35715938272436e-06 0.183873525346856 -4.66548284539251 200280.888782706 200000 5.4385208425934
1300 1300.65790275835 -2.2565523951788e-06 0.183578374366703 -4.66250390663235 199959.829769534 200000 5.4472647088729
1325 1327.1063165941 -2.16300299850483e-06 0.183274160226013 -4.65970995477881 200107.246454028 200000 5.45630654516055
1350 1348.75255635974 -2.08940223013829e-06 0.182866580032481 -4.65711562659869 200679.62040287 200000 5.46846777482457
1375 1374.01527695236 -2.0103936551948e-06 0.182571136099077 -4.65401583288813 199945.63635925 200000 5.47731706865934
1400 1400.8685424165 -1.93048389698166e-06 0.182254786493987 -4.65120671265353 199787.302213253 200000 5.48682434758988
1425 1424.48702852905 -1.86346299847831e-06 0.181973261059602 -4.64840396932061 199815.629903766 200000 5.49531285078453
1450 1449.51187061417 -1.79637197710144e-06 0.181733476865837 -4.64546783398768 199912.924319869 200000 5.50256351909361
1475 1475.12840147209 -1.73169160514344e-06 0.181412385449164 -4.64316639895518 199784.580799403 200000 5.51230279853313
1500 1498.996677525 -1.67375580318153e-06 0.181227873563734 -4.63981261553742 199708.80728324 200000 5.5179149892101
1525 1525.53983671932 -1.61220430791602e-06 0.180793599079073 -4.63709400364146 200057.652427123 200000 5.5311692731037
