#T/K Taveraged/K integrand/(eV K^2) rho/A^-3 potentialEnergy/(eV) P/bar Ptarget/bar v/A^3
1500 1499.01387138555 -1.09112470723046e-06 0.260571366348656 -4.31971150711263 699738.723672255 700000 3.83772021466839
1575 1573.71120032981 -9.81416856258215e-07 0.260100990575774 -4.3105542348546 699364.58479614 700000 3.84466048278535
1600 1600.15725237188 -9.45240592796406e-07 0.259686652451411 -4.30712195199122 699712.764027809 700000 3.85079475806753
1625 1624.21651995491 -9.14720385805733e-07 0.259599711114257 -4.30447828389717 699983.009213956 700000 3.85208440990858
1650 1652.20890822719 -8.81287858097956e-07 0.25953089858522 -4.3018745625497 700417.650896731 700000 3.85310575908802
1675 1675.61393490356 -8.53885276262755e-07 0.259170880150755 -4.2983760655023 700251.116651587 700000 3.85845817021695
1700 1699.67686301256 -8.27256581955638e-07 0.258768764789079 -4.29477737158019 699519.279580003 700000 3.86445404573884
1725 1725.66043572306 -7.99382374586302e-07 0.258471030138041 -4.29146024426606 699744.216562007 700000 3.86890553833415
1750 1748.41273627797 -7.76243333484931e-07 0.258269590922142 -4.28873442512839 700003.828099582 700000 3.87192311889889
1775 1773.50647570614 -7.52255344869063e-07 0.258160401143293 -4.28522147031209 699846.464140275 700000 3.87356076133824
1800 1799.17886252306 -7.27697847283763e-07 0.257831155939251 -4.28246920545414 700598.254503165 700000 3.87850722057661
1825 1827.20432583862 -7.03832310647806e-07 0.257646689968548 -4.27990373701349 699980.691580068 700000 3.88128409537136
1850 1849.38682637541 -6.84964637377171e-07 0.257302154958907 -4.27691028544841 699547.533176275 700000 3.88648124676494
1875 1874.81339768306 -6.64346384446072e-07 0.257255629054645 -4.27345167760274 699706.433557361 700000 3.88718413538615
1900 1899.404196445 -6.44115804228272e-07 0.256862229940867 -4.2706982118266 700856.742075067 700000 3.8931375789668
1925 1927.12996610962 -6.24137787025205e-07 0.256679667620999 -4.2673457873975 700041.254850031 700000 3.89590655648095
1950 1947.50516549981 -6.09583040827259e-07 0.25649680345415 -4.26463564813944 699722.599945326 700000 3.89868406363495
1950 1950.22694724266 -6.08071162908626e-07 0.256481350835652 -4.26516407257345 699545.647221436 700000 3.8989189535296
1975 1971.95019414238 -5.92568678017275e-07 0.256326697348555 -4.26223225015781 700062.730205058 700000 3.90127134763568
1975 1975.29649306731 -5.90728206965994e-07 0.256214943230063 -4.2621004521128 699445.3670901 700000 3.90297297805175
2000 1998.18235395019 -5.7514081087332e-07 0.256003888682498 -4.2587105488262 699566.592829451 700000 3.90619066431535
2000 2000.40137656231 -5.73785534298755e-07 0.256064361058416 -4.25925063182575 699970.448821425 700000 3.90526817502678
2025 2022.53442545067 -5.59550172324168e-07 0.255844220993041 -4.25530844859677 699581.955831067 700000 3.90862844632007
2025 2025.71807595998 -5.57867302897322e-07 0.25582006780487 -4.25606690546024 699561.820403745 700000 3.90899747850416
2050 2050.4229045055 -5.42242130174662e-07 0.255556091667317 -4.25369205675575 700377.434329127 700000 3.91303526938344
2050 2051.23474573873 -5.41731135226897e-07 0.255578038680248 -4.25318236454202 700488.126465816 700000 3.91269924898005
2075 2074.38970456167 -5.28114110820897e-07 0.255396915429285 -4.24972268330062 700106.534394512 700000 3.91547407030796
2075 2076.65607849846 -5.27036586860325e-07 0.255396142485658 -4.24989740579123 699940.575076912 700000 3.91548592029402
2100 2102.76849824494 -5.12315298971918e-07 0.255177533387509 -4.24704916347589 699826.357091061 700000 3.91884029414696
2100 2102.7743310909 -5.12343890870624e-07 0.255197816099938 -4.24795748572626 700270.024436457 700000 3.91852883101628
2125 2121.39175052182 -5.01440504551507e-07 0.254984909973186 -4.24439992866101 700773.593584377 700000 3.92180070618751
2125 2122.11505257895 -5.01661586930892e-07 0.255022729153033 -4.24431708836393 699823.216666642 700000 3.92121911376741
2150 2149.12254154641 -4.87405890717776e-07 0.254740909266104 -4.24169645180547 699771.403603586 700000 3.92555715876555
2150 2150.29273413653 -4.86756234397736e-07 0.254713457917229 -4.24138007796863 699791.418755122 700000 3.92598022961533
2175 2174.79379461131 -4.73712356878665e-07 0.25452201930981 -4.23845111677096 700782.472960176 700000 3.92893315364898
2175 2176.4806184933 -4.73610807478757e-07 0.254552184898513 -4.23906732336816 699858.112866948 700000 3.92846755724642
2175 2177.70034438219 -4.72985752468024e-07 0.254571774822563 -4.23925423449682 700042.628196221 700000 3.92816525200801
2200 2200.9302556665 -4.61645541251866e-07 0.254299319964314 -4.23548144651676 699442.457614969 700000 3.93237386612096
2200 2201.05748426742 -4.61429905157404e-07 0.254207396806804 -4.23594240456727 699656.42531898 700000 3.93379583978035
2200 2202.26085958199 -4.60855293889695e-07 0.254384657235787 -4.23572672518483 700119.31056219 700000 3.93105469042934
