#T/K Taveraged/K integrand/(eV K^2) rho/A^-3 potentialEnergy/(eV) P/bar Ptarget/bar v/A^3
1150 1152.44221719567 -2.28794543168073e-06 0.238338519067558 -4.49490158996583 500032.647871549 500000 4.19571290411748
1175 1173.05377089235 -2.20232974917363e-06 0.237936304583558 -4.49097238294532 499779.981047721 500000 4.2028054598487
1200 1201.35341432846 -2.09212916670528e-06 0.237449078748451 -4.48764807561965 500197.121140554 500000 4.21142926841751
1225 1223.41431577927 -2.01219389824654e-06 0.23700943603432 -4.48420824018617 499847.125726034 500000 4.21924129575666
1225 1223.84594680726 -2.01140506154742e-06 0.237060841613336 -4.48456096993574 499785.405036134 500000 4.21832637222757
1250 1250.3510315089 -1.92146455883839e-06 0.236718616765644 -4.48127626699365 499773.751235808 500000 4.2244248199119
1300 1300.02782326034 -1.76666762279447e-06 0.236003500462842 -4.47461684270538 500156.400155905 500000 4.23722528707767
1325 1325.74778141782 -1.69547903336526e-06 0.235986810587737 -4.47177824738209 500033.720697414 500000 4.2375249595918
1350 1350.13045331853 -1.63005509781774e-06 0.235575030427361 -4.46836996352414 500021.536724525 500000 4.24493206341047
1375 1375.36436260772 -1.56687909824611e-06 0.23546737696 -4.46565831174313 500249.044503188 500000 4.24687280637553
1400 1399.8866694437 -1.50828149475361e-06 0.23506011757607 -4.46190109831731 499815.253104683 500000 4.25423083384776
1425 1425.0890315755 -1.45239259422353e-06 0.234839720238627 -4.459337153595 499463.404975006 500000 4.25822343419535
1450 1451.75706895947 -1.39490281251223e-06 0.23453012546183 -4.45572438021782 499978.945127474 500000 4.26384456167765
1475 1474.36963232064 -1.34943166914732e-06 0.234363154354267 -4.45264335613809 499809.925736432 500000 4.26688232096579
1500 1501.60992612099 -1.29692034944682e-06 0.234034308469872 -4.44986191905574 500071.528665213 500000 4.27287779530296
1525 1525.47254680165 -1.25380651516566e-06 0.233829369826046 -4.44688418611035 499848.15822388 500000 4.27662273881136
1550 1549.99080961851 -1.21059481202767e-06 0.233564057336985 -4.4440231927118 500539.097683551 500000 4.28148068414999
1575 1576.08671271486 -1.16799114202648e-06 0.233281333586447 -4.44079668990056 500025.19854004 500000 4.28666959600276
1600 1602.12757139345 -1.12728595868823e-06 0.233112817519895 -4.43770521603259 500125.892364776 500000 4.28976840758512
1625 1624.42254787178 -1.09317867002797e-06 0.232667442695068 -4.43460933816651 500217.218487061 500000 4.29797993400646
1650 1649.91350846405 -1.05776613302823e-06 0.232538742082885 -4.43165541184297 499642.983453468 500000 4.30035868880535
1675 1677.02682982392 -1.02085798504477e-06 0.232294575993086 -4.42824714451849 499630.183719128 500000 4.30487881916694
1700 1700.24549974648 -9.90419129474011e-07 0.232169469410299 -4.42552514162513 500283.020440497 500000 4.30719854139288
1725 1725.04597730713 -9.59173771610627e-07 0.231856634973519 -4.422489981404 500543.940871114 500000 4.31301006380176
1750 1748.92377365155 -9.30926880307883e-07 0.231670259920673 -4.41985527576478 500419.213288337 500000 4.31647981205016
1775 1774.91777479044 -9.01239219117285e-07 0.231417083161044 -4.4163356704359 500481.110441001 500000 4.3212021616576
1800 1801.77484154837 -8.72283897414156e-07 0.23126972131692 -4.41368733693058 500601.479113505 500000 4.32395557146736
1825 1823.71135158095 -8.49657669985719e-07 0.23090790028961 -4.41056720978465 499788.60654621 500000 4.33073099164549
1850 1849.33653086763 -8.24217891060302e-07 0.230797168075426 -4.40749346700357 499777.208614085 500000 4.33280879630721
1875 1875.43282449369 -7.99521774116924e-07 0.230679036109922 -4.40474743596021 499856.530904943 500000 4.33502765081559
1900 1902.8456733287 -7.73820784490692e-07 0.23037729832787 -4.40173809743934 500519.560399498 500000 4.34070547427297
1925 1925.40500201613 -7.54261382060116e-07 0.230251081098737 -4.39836072678106 500183.731384841 500000 4.34308492810584
1950 1947.49204632857 -7.35105757232676e-07 0.230056814247339 -4.39542597274014 500434.422165641 500000 4.34675235885375
1975 1973.86729039292 -7.13719651647413e-07 0.229825161651731 -4.39258602087806 500352.892281973 500000 4.35113367402028
2000 2000.15550015068 -6.93713777986316e-07 0.229577910356714 -4.38972779003152 499522.713814278 500000 4.35581976700728
