#T/K Taveraged/K integrand/(eV K^2) rho/A^-3 potentialEnergy/(eV) P/bar Ptarget/bar v/A^3
950 950.294886696965 -3.72368670942243e-06 0.22593822261342 -4.58878294404977 400227.613416102 400000 4.42598861066107
975 974.235815403942 -3.53023348818755e-06 0.224684767348055 -4.58426329120815 399695.355114507 400000 4.45067999848391
1000 1000.80796444374 -3.33517568184277e-06 0.224156594970065 -4.58122749972432 399928.753427877 400000 4.4611669807598
1025 1024.86584467644 -3.17310402446735e-06 0.223904152317173 -4.57744742352295 399833.072266829 400000 4.4661967616547
1050 1048.83912737035 -3.02158659560227e-06 0.22352834879103 -4.57415837197614 400067.886042697 400000 4.47370548482363
1075 1074.09061151464 -2.87333486219124e-06 0.223254633081776 -4.57030937465297 400252.830902036 400000 4.47919035854323
1100 1100.92539289009 -2.72929069996066e-06 0.222982117978257 -4.56732891464753 399981.386064703 400000 4.48466455098212
1125 1123.36761133423 -2.61501437918248e-06 0.222671917008552 -4.56420855888193 400119.745979261 400000 4.49091207115082
1150 1151.42964809537 -2.48294363243705e-06 0.222428154526043 -4.5606731004434 399981.89237912 400000 4.49583373170916
1175 1175.67109204555 -2.3752804783922e-06 0.221907984824605 -4.55744544110575 399805.820726421 400000 4.50637231819483
1200 1199.36651826098 -2.27692000376618e-06 0.221619221228344 -4.55439956899311 399877.911022013 400000 4.51224399425922
1200 1201.482525116 -2.26858006369543e-06 0.221748248360814 -4.55430949993737 400193.260260729 400000 4.50961848579235
1225 1224.69989020783 -2.17817201542572e-06 0.221351678115717 -4.55096809268629 400032.466095744 400000 4.51769784856669
1250 1250.98846383623 -2.08200111246246e-06 0.22115826261202 -4.54771584562528 400463.277756296 400000 4.52164883278319
1275 1276.13984522904 -1.99684526112851e-06 0.220839405473788 -4.54437660338104 399783.197297934 400000 4.52817737783075
1300 1300.32062234011 -1.9178745426026e-06 0.220486024953032 -4.54164665693722 400200.481750291 400000 4.53543484315172
1325 1325.23251224875 -1.84219342295039e-06 0.220265894005007 -4.53825957911449 400216.633754616 400000 4.53996749935906
1350 1349.23933902806 -1.77366962351231e-06 0.220083600812185 -4.53546909153686 400012.039535088 400000 4.54372791207366
1375 1375.0129045169 -1.70319393201842e-06 0.219832498181186 -4.53218417376274 400235.368296821 400000 4.5489179637844
1400 1399.55738550412 -1.64102088744776e-06 0.219642697183908 -4.52892443417128 399777.030364897 400000 4.55284884415118
1425 1424.18329616537 -1.58029421283719e-06 0.21925078231348 -4.52586656155263 400010.793401707 400000 4.56098714653716
1450 1450.19417622018 -1.52046374835899e-06 0.219087685760205 -4.52262723199613 399963.656269185 400000 4.56438250525188
1475 1473.86943820548 -1.46847260532208e-06 0.218791138097581 -4.51945052413626 399990.13875037 400000 4.57056903078954
1500 1500.31195660646 -1.41359438668014e-06 0.218595340768319 -4.51637121736985 400290.242633292 400000 4.57466292046847
1525 1525.24587730064 -1.36437675409753e-06 0.218330916428489 -4.51330626650871 400224.831259813 400000 4.5802033736598
1550 1547.57005502399 -1.32291261587286e-06 0.218077174728561 -4.51057003072227 399918.317906511 400000 4.5855326273586
1575 1576.2449930263 -1.27150775631935e-06 0.217940696865649 -4.50745138416467 400478.970617878 400000 4.58840415939598
1600 1599.26352098541 -1.23301940658759e-06 0.217698700565266 -4.50383779985637 399651.88561913 400000 4.59350468056745
1625 1624.57805379726 -1.19230133979313e-06 0.217528243552879 -4.5015130110568 399849.222802293 400000 4.59710419055035
1650 1650.52467994469 -1.15204211222849e-06 0.217276686779627 -4.49820748483241 399914.83262136 400000 4.60242658713888
1675 1676.50220437782 -1.11307152375022e-06 0.217019401630258 -4.49516041396053 400724.01959929 400000 4.60788294727551
1700 1699.95566607336 -1.08094600641247e-06 0.216811746185492 -4.49202460435081 399735.627140441 400000 4.61229623207063
1725 1727.08875605837 -1.04459343566049e-06 0.21656585795232 -4.48920501273097 399873.496918649 400000 4.6175330195407
1750 1752.36268182752 -1.01259794645097e-06 0.21643541804172 -4.48573584976442 399675.339775979 400000 4.62031588474693
1775 1776.22868099272 -9.82647587312783e-07 0.216248984010653 -4.48287739400543 400220.485471677 400000 4.62429918260673
1800 1798.53167747808 -9.5643164545602e-07 0.216071205814342 -4.47991616173346 400213.660092137 400000 4.62810394485993
1825 1825.28521289128 -9.25953150964036e-07 0.215783601443459 -4.47680697865662 400367.692030842 400000 4.63427245309939
1850 1850.05677184337 -8.9994849031267e-07 0.215618051125083 -4.47372018296705 399521.269815445 400000 4.63783062124
1875 1875.6290803881 -8.73398409663978e-07 0.215415845559712 -4.4713495314725 400039.654089512 400000 4.64218403897686
1900 1900.56993993028 -8.48665745242848e-07 0.215185118766207 -4.46815437748397 399741.495313955 400000 4.64716150323794
1925 1925.11369238747 -8.24801162374721e-07 0.215002787396808 -4.46520585574269 400167.095618058 400000 4.65110249084541
1950 1950.58002952211 -8.01958221299818e-07 0.21480775506743 -4.46235512958545 399602.022791667 400000 4.65532540799605
1975 1974.29179071501 -7.80565347538898e-07 0.214659878612776 -4.45835933771551 399998.761037755 400000 4.65853240234005
2000 2000.2745789314 -7.58373821231717e-07 0.214513899467909 -4.45553694306528 400366.407390058 400000 4.66170258654777
