#T/K Taveraged/K integrand/(eV K^2) rho/A^-3 potentialEnergy/(eV) P/bar Ptarget/bar v/A^3
1080 1080.22465094895 -3.13054326878601e-06 0.214660945545272 -4.64508178632283 300190.859333818 300000 4.65850924796706 17.074477114934 8.63543946187612 12.1411231103548 90 90 90
1060 1058.1696671025 -3.27128757147307e-06 0.215899543857112 -4.64777090956623 300301.479406146 300000 4.63178375523492 16.8617987618335 8.47550950306904 12.53995613841 90 90 90
1030 1028.76711528512 -3.46821693790434e-06 0.217579988211915 -4.65306424637093 299567.561285868 300000 4.59601091174818
1020 1016.8591498684 -3.56846785390345e-06 0.218222313977907 -4.65627484920023 300030.630459034 300000 4.58248279825885 17.1291959494453 8.52112542783216 12.0854051935981 90 90 90
1005 1004.61614596815 -3.64665425976576e-06 0.218555910656726 -4.65744743869053 300093.538489766 300000 4.57548824461054
1000 1003.34580250058 -3.65093410509648e-06 0.218910642571696 -4.65845330181489 300140.834397986 300000 4.56807393305462 34.1642565587338 17.1664506412354 23.9366812222707 90 90 90
995 995.884086512698 -3.71574044628128e-06 0.219011117987104 -4.65868438521292 300032.035724687 300000 4.56597824435051
980 981.939455314953 -3.82403557526543e-06 0.219808397358724 -4.66056836393888 298974.674120041 300000 4.54941672846109 34.230387574708 17.0230019256383 24.0247433647983 90 90 90
960 961.019517144414 -4.01728993759966e-06 0.220693673915613 -4.66380550271933 300331.252451275 300000 4.53116748775668 16.8334186085077 8.46416093360259 12.0799556313235 90 90 90
925 924.817951339556 -4.33529939620632e-06 0.221782496350876 -4.6679222326505 300409.344419452 300000 4.50892210365388 17.0559568403906 17.007829613698 23.9142444732485 90 90 90
875 875.601966400909 -4.85889341451706e-06 0.223263247996802 -4.6718874337509 299854.19190538 300000 4.47901752291235 16.8948958374647 17.0108889816145 23.9139437318119 90 90 90
860 859.322112874481 -5.05876149157646e-06 0.223498208126139 -4.67474986446567 300330.52273379 300000 4.47430880267109
850 849.6367181297 -5.17561671386922e-06 0.223914409617416 -4.67580730730073 299577.904845852 300000 4.46599216954647 17.0592447557389 17.0240643872215 23.705563055784 90 90 90
840 839.301702750846 -5.33486274083463e-06 0.224171528758429 -4.67762054778847 299615.465648115 300000 4.46086978814164 16.9253889716348 8.40838361476822 11.935179081761 90 90 90
825 826.203551843066 -5.48418846115961e-06 0.224635988316315 -4.67860168721023 299838.38612471 300000 4.45164645030909 16.8813797328318 16.8874622799312 24.0196134395538 90 90 90
800 798.778875014847 -5.88629521441712e-06 0.225292072629332 -4.68063748726909 300174.735529627 300000 4.43868258802554
780 780.816825005732 -6.19479329727263e-06 0.225848973743861 -4.68299305038147 299257.093476507 300000 4.42773763113981 17.0310009057621 8.52119885551112 11.7502059136071 90 90 90
760 762.907318785251 -6.49986299340144e-06 0.226243150129197 -4.68599299532718 298507.311075003 300000 4.42002332193901 17.0364773950881 8.38359012546194 11.9551080545229 90 90 90
750 749.943627050303 -6.69962241082035e-06 0.226460145394679 -4.68520676991768 299556.779805915 300000 4.41578803306508 16.8506165077791 16.9165042303294 23.698873663413 90 90 90
740 739.706175261082 -6.9036667346453e-06 0.22680375869986 -4.68691990165444 299696.88284195 300000 4.40909800495566
725 725.876664373667 -7.16432684735202e-06 0.227224040063819 -4.68781489660863 300238.349849609 300000 4.40094278633165 16.8233613283921 16.8097559448113 23.9910108725697 90 90 90
720 718.855998552626 -7.34294280430975e-06 0.227427548049354 -4.68816552677549 299888.36781668 300000 4.39700471019012 16.7547272537272 8.38002370712716 11.9998537342702 90 90 90
700 699.268014490548 -7.73713032603891e-06 0.227913605566168 -4.69006889704769 300089.465856809 300000 4.38762748505454 16.8580520131288 16.8737575715082 23.6850726206663 90 90 90
680 680.032166396396 -8.20993385910965e-06 0.228314334406162 -4.6926516755896 299641.418949138 300000 4.37992648425236
650 649.725576328163 -9.00003568767038e-06 0.229179056183808 -4.69497813357038 300117.900469187 300000 4.3634004636007 16.7891858058951 16.6781720048621 23.8765974933485 90 90 90
640 638.835097538788 -9.36194213541856e-06 0.229341749792294 -4.69850730168634 300138.751800739 300000 4.36030509449614 16.6424314451915 8.29681278240725 12.0422651986577 90 90 90
625 624.876709446975 -9.75613694304808e-06 0.229856808760997 -4.69844029884553 299755.811556646 300000 4.35053460191293 16.6918749311382 16.711398131043 24.0045402357171 90 90 90
600 599.033701084187 -1.06372910494171e-05 0.230242159486557 -4.70431456279416 300511.968282713 300000 4.34325321752546 16.5116867215611 16.5746625942953 24.1613148255477 90 90 90
580 580.593009521649 -1.13926865035564e-05 0.230705942007205 -4.70700763645067 299744.617634972 300000 4.33452208165825 16.5618939207003 8.2402115922369 12.138628152673 90 90 90
575 574.813221606376 -1.15867192041147e-05 0.230790916616122 -4.70824326672539 299709.364378847 300000 4.33292615958241 16.5546731353196 16.5419889904138 24.3704008018076 90 90 90
560 558.973063567921 -1.23327393863208e-05 0.231137244634217 -4.70912641773479 298947.858272662 300000 4.32643385354246 16.5786197199446 8.22150193261153 12.2082130049515 90 90 90
550 549.617489755279 -1.26970088948938e-05 0.231348401193389 -4.71092182075245 300261.013632662 300000 4.32248502622709 16.4616916979771 16.5433729508354 24.2977364905291 90 90 90
540 541.474697701435 -1.31412590142416e-05 0.231553428106915 -4.71145341075252 299527.445715955 300000 4.31865772049062 16.4821670820673 8.26221805215906 12.0339199077517 90 90 90
525 524.59440149933 -1.39641534382423e-05 0.231889212420189 -4.71343926605465 299906.376399595 300000 4.31240414145689 16.5496064470892 16.5367290722919 24.1428599607761 90 90 90
520 519.099156605163 -1.43262141440568e-05 0.232080842223391 -4.71316259132145 300199.356250237 300000 4.30884337724629 16.5960312744873 8.23700565644416 12.0642368304337 90 90 90
500 501.112871161376 -1.53904651347291e-05 0.23250334788263 -4.71648109391427 300197.644331709 300000 4.30101333639639 16.4868421322317 8.25635333188709 12.1560561391794 90 90 90
475 474.582093506902 -1.71321028090759e-05 0.2330155005244 -4.71892240441161 300205.818318452 300000 4.29155999386094 16.547438778206 16.5487949777548 24.1425706692744 90 90 90
450 450.487011204406 -1.90557954484307e-05 0.233570195744963 -4.72167578339752 300055.754001171 300000 4.28136816347881 16.4302720215676 16.4330228407529 24.3859571571995 90 90 90
425 425.312099832704 -2.14217205621856e-05 0.23405409546056 -4.72457286109339 300000.870125544 300000 4.2725165651652 16.4648319059102 16.4767634849666 24.1616196258902 90 90 90
400 399.429165020544 -2.43273827096278e-05 0.2345112654153 -4.72727259671045 300248.211652387 300000 4.26418747188577 16.3983962588006 16.4237043468812 24.37344428097 90 90 90
375 375.042580602139 -2.76613186932109e-05 0.234887261265708 -4.7305226821564 299636.046579283 300000 4.25736157257497 16.4105661307478 16.3809196337509 24.309336474738 90 90 90
350 350.179093044433 -3.17869269505936e-05 0.235336809006089 -4.73319579771495 299945.368765897 300000 4.24922902721149 16.4452231784043 16.4052464855918 24.2057753273566 90 90 90
