#T/K Taveraged/K integrand/(eV K^2) rho/A^-3 potentialEnergy/(eV) P/bar Ptarget/bar v/A^3
1500 1499.16948867357 -8.95967594088456e-07 0.281606354098309 -4.19954237503738 899414.132117279 900000 3.5510562366462
1525 1521.86735467581 -8.67079339787406e-07 0.281594421501667 -4.19824719332672 900005.474548011 900000 3.55120671307077
1550 1551.06692706234 -8.3254678555293e-07 0.281540559195053 -4.19606143691198 899588.734146868 900000 3.55188610429375
1575 1575.53509505429 -8.02471011529236e-07 0.281325055112471 -4.19200661789562 900584.788205203 900000 3.55460696382058
1600 1599.88972943213 -7.75590009278366e-07 0.281116811082519 -4.18836366876196 899884.993354022 900000 3.55724012430712
1900 1902.72255533934 -5.21858913262859e-07 0.278418839322295 -4.15114724759205 899969.017153354 900000 3.59171097198064
1925 1921.6445385217 -5.0986004066201e-07 0.278203874135797 -4.14777175738021 899622.138017629 900000 3.59448624900126
1950 1950.54635909867 -4.92273987164351e-07 0.277874767194535 -4.14423826591682 899660.547480821 900000 3.59874345589615
1975 1973.55890276476 -4.78768622574182e-07 0.277662080314533 -4.14147954698018 900005.779534925 900000 3.60150006391657
2000 2000.51211296217 -4.64120382121861e-07 0.27754912032046 -4.1388639101939 900263.571251226 900000 3.60296584202967
2025 2023.19557191074 -4.52114823800717e-07 0.277324164346692 -4.13586980638615 899839.608405512 900000 3.60588844594829
2050 2050.22473667683 -4.38156984227605e-07 0.277087436359424 -4.13284891735975 900100.892432587 900000 3.60896911508774
2075 2076.05190833944 -4.26119096290321e-07 0.277002570724299 -4.1306021908568 899706.908315474 900000 3.61007479961369
2100 2096.97578446184 -4.15617654018123e-07 0.276692325883118 -4.12700154769742 899846.656361303 900000 3.61412264257169
2125 2126.43077981436 -4.02266080930047e-07 0.27651135866972 -4.12382903011735 900044.642635764 900000 3.61648796205314
2150 2148.28012202022 -3.92983979563459e-07 0.276364764862691 -4.12098652580147 899334.253186838 900000 3.61840627728661
2175 2176.2586306822 -3.81205419629405e-07 0.276102888175721 -4.11818431740715 899402.737735516 900000 3.62183824518187
2200 2198.58656373304 -3.71631468756872e-07 0.275818610959013 -4.11512998231808 899763.631536441 900000 3.62557115534383
2225 2223.14939681687 -3.62011334989829e-07 0.275742393664983 -4.11237825395688 900108.929800798 900000 3.62657329077575
2250 2252.93499502146 -3.50691986828068e-07 0.275577731221531 -4.10998441949013 900863.072496448 900000 3.62874023081394
2275 2276.12652844627 -3.42516577821217e-07 0.275356520911221 -4.10705619375322 899949.025196671 900000 3.63165541419089
2300 2303.77864578655 -3.32841945213018e-07 0.275126585918973 -4.10416491615867 899876.658812498 900000 3.63469054311787
2325 2323.25016531457 -3.26314035327165e-07 0.275047595716628 -4.10208821903673 899791.490162413 900000 3.63573438042434
2350 2347.75986035172 -3.18167743323422e-07 0.274726040385502 -4.0982479384187 899017.158208255 900000 3.63998985533652
2375 2372.05047276674 -3.09770757419901e-07 0.27450138428911 -4.09539206942143 900326.365443941 900000 3.64296887824355
2375 2372.93451429534 -3.09689757892997e-07 0.274510871593168 -4.09548500960359 900129.272631341 900000 3.64284297447435
2400 2399.42156992556 -3.01171803214285e-07 0.274245700952898 -4.09244821636199 900707.891253744 900000 3.64636527218252
