#T/K Taveraged/K integrand/(eV K^2) rho/A^-3 potentialEnergy/(eV) P/bar Ptarget/bar v/A^3
500 498.041995731844 -1.17090680632714e-05 0.283566599746775 -4.49724515819876 700522.147549957 700000 3.52650841422438 15.6097612519673 7.73543314336234 11.1646421864526 90 90 90
520 521.506496731968 -1.06699407651096e-05 0.28347436183218 -4.49486688403533 700171.769459229 700000 3.52765588230519 15.6226468130701 7.83952978723033 11.0873168490554 90 90 90
540 538.674213098162 -9.97461691444737e-06 0.283404485084984 -4.49281076659485 700893.643608921 700000 3.5285256678282 15.55199039064 7.80854788421081 11.1573630720542 90 90 90
560 561.410351410721 -9.17354617819741e-06 0.28334467640365 -4.4903600955343 699462.106566365 700000 3.52927047260069 15.5885792426704 7.81458343660912 11.1621982987522 90 90 90
580 579.119532798213 -8.6067989465517e-06 0.283204090187084 -4.48832121920057 699928.416583566 700000 3.53102244864967 15.7152254426685 7.85894967749415 10.9365586766818 90 90 90
600 599.544242310964 -8.02246721819751e-06 0.283046497014656 -4.48624161856573 700033.315373781 700000 3.53298843316269 15.574169483983 7.80576778929358 11.1525626051189 90 90 90
620 619.39850990757 -7.49952805583361e-06 0.282986734557525 -4.48395405987414 699976.010411484 700000 3.53373454612136 15.6304194056446 7.86466127981031 11.1166927458608 90 90 90
640 639.824401344703 -7.00242748961403e-06 0.28287058713717 -4.48179270662045 700916.976846806 700000 3.5351855069862 15.6895160735071 7.81004104216541 11.0438534727223 90 90 90
660 658.344303459465 -6.61476994787661e-06 0.282765222089943 -4.47924533808881 700212.493136783 700000 3.53650280118931 15.6770562815093 7.81588684918437 11.0834509045905 90 90 90
680 679.572312077169 -6.19926366516891e-06 0.282629391515919 -4.47765179380131 699187.395779933 700000 3.53820243052703 15.5994133664274 7.81909141158348 11.0901277266171 90 90 90
700 700.671987671784 -5.81876574024618e-06 0.282514469370923 -4.47561206731643 699499.198731068 700000 3.53964171189783 15.7710220315736 7.81317154348618 11.1191347000296 90 90 90
720 720.336740358368 -5.48654773922739e-06 0.2824088517205 -4.47308725098842 700301.369913128 700000 3.54096549703655 15.6689149955542 7.83990346280089 11.0631435372747 90 90 90
740 740.242147632803 -5.18570770357795e-06 0.282186078120616 -4.47115566429083 701092.768210535 700000 3.5437609348416 15.7823934076933 7.81023425710724 10.9965956600863 90 90 90
760 761.068779032688 -4.89981083872709e-06 0.282095912737328 -4.46838530271011 699857.683657264 700000 3.54489361542485 15.598399561559 7.86910151293251 11.0552471181783 90 90 90
780 782.411219149362 -4.62941117982166e-06 0.281954849662736 -4.46650585855595 699597.335253095 700000 3.54666713906912 15.6842524685034 7.72862328158334 11.1393458050843 90 90 90
800 800.242743290367 -4.41134586446287e-06 0.281785101753921 -4.46428909274196 700195.763585926 700000 3.54880365844637 15.7214998340078 7.80927247666836 11.0676048025184 90 90 90
820 818.911918679048 -4.20390137757465e-06 0.281707106721577 -4.46215600564677 700874.063052134 700000 3.54978620041824 15.6534851891561 7.87446606097684 11.0533153489336 90 90 90
840 836.977287628633 -4.02188423115019e-06 0.281566932553828 -4.46012715536331 699943.549932685 700000 3.55155341193635 15.5645236808641 7.93161612782125 11.0912655094397 90 90 90
860 856.582122962106 -3.83021485811631e-06 0.281408406796871 -4.45715110645341 699602.893371022 700000 3.55355410800442 15.6968942066229 7.83918233153796 11.1229630251515 90 90 90
880 881.009170035246 -3.61285833251314e-06 0.2812413724708 -4.45566636384491 700201.367334667 700000 3.55566462791255 15.6111653191978 7.82302269709201 11.1388599312013 90 90 90
900 900.411433840929 -3.4506389466267e-06 0.281096336944803 -4.4536011097025 701234.820898402 700000 3.55749922204203 15.7231301545251 7.84959693355729 11.1256347985538 90 90 90
920 917.759903138965 -3.31754978417405e-06 0.280982440723331 -4.45109861774734 699703.130243015 700000 3.55894125421399 15.5878537633171 7.84936116439785 11.1228558217983 90 90 90
940 941.106223474844 -3.14622071515585e-06 0.280823320588085 -4.44862103269446 699715.669148742 700000 3.56095782182852 15.717141820892 7.84815658245656 10.968418394447 90 90 90
960 962.540950068322 -3.0012869222554e-06 0.280648211958873 -4.44670767426743 700563.04440317 700000 3.56317965833519 15.8299293555706 7.86097830210058 10.8770342835598 90 90 90
980 978.331853004685 -2.9006868009762e-06 0.280499714380593 -4.44446947463771 700262.433602194 700000 3.56506601872386 15.4930995794812 7.94864590006489 11.1321664727787 90 90 90
1000 995.781700852391 -2.7948798668565e-06 0.280363467431472 -4.4426199176405 700469.113210032 700000 3.56679851751522 15.5779999008293 7.87160448655306 11.1644642599256 90 90 90
1020 1017.46073000593 -2.67067747678394e-06 0.280195464626681 -4.44102209051298 700233.469129541 700000 3.56893713940856 15.7166858126456 7.89815184150416 11.0284858814557 90 90 90
1040 1038.5951254666 -2.55688445178999e-06 0.280067123903456 -4.43818004259814 700407.942059088 700000 3.57057260439007 15.7969783468112 7.96467893844708 11.0021509582988 90 90 90
1060 1060.00253670835 -2.44735573489172e-06 0.279923323043563 -4.4357815836617 700686.854697904 700000 3.57240686173326 15.7802786720404 7.77809843107412 11.0342889633072 90 90 90
1080 1077.67764217647 -2.36421881499848e-06 0.279791176150183 -4.43370039291281 700804.286649975 700000 3.57409412891288 15.6369840777236 7.89162893799685 11.0459299895845 90 90 90
1100 1097.81656616996 -2.27595026337744e-06 0.279537692302474 -4.43193539051425 699266.439757625 700000 3.57733510555689 15.6892927277358 7.88428702336153 11.0685875595364 90 90 90
1120 1118.63604706208 -2.18671823981336e-06 0.279373229635044 -4.42967973355869 701049.223604898 700000 3.57944102699581 15.7445313953563 7.90324455954482 11.0729857463012 90 90 90
1140 1138.55912589211 -2.10604995811954e-06 0.279180603264622 -4.42746885031396 700232.283443018 700000 3.58191073558268 15.7158439659486 7.8539301350245 11.1451833372638 90 90 90
1160 1161.28992075084 -2.02187385751425e-06 0.279045079973441 -4.42570589607776 700054.717881135 700000 3.58365035533032 15.7553035033126 7.95509487048726 11.0843885502754 90 90 90
1180 1176.74008325036 -1.96411238539444e-06 0.278901007827994 -4.4237517455351 700677.517351118 700000 3.58550156483022 15.86557199215 7.84210745146621 11.0760931088512 90 90 90
1200 1200.70436283342 -1.88319434102346e-06 0.278716242446998 -4.42155310956174 699482.347062022 700000 3.58787845021327 15.7605727022592 7.82947636725533 11.1763286859108 90 90 90
1220 1219.72716617692 -1.81933764158704e-06 0.278490171883122 -4.41881228591422 700841.342221443 700000 3.59079098999474 15.5856813583214 7.79624519595251 11.25371351755 90 90 90
1240 1240.54326699087 -1.75514568348613e-06 0.27825220312631 -4.41672646700572 700335.888074363 700000 3.59386193088311 15.8481296566777 7.91505386310127 10.9626863668524 90 90 90
1260 1260.22090693918 -1.69950878027439e-06 0.278183049141738 -4.41533659294173 700338.964522551 700000 3.59475533496826 15.7116694812322 7.88053129012741 11.1255014574958 90 90 90
1280 1272.37321977226 -1.66324582867389e-06 0.278000524466351 -4.41269473182838 699974.090168834 700000 3.59711551594947 15.8765867466307 7.83500862635548 11.1187924465483 90 90 90
1300 1298.08054880766 -1.59608299298579e-06 0.277778396963945 -4.41103233073625 700020.113975478 700000 3.59999197536517 15.9216501850231 7.86738737704817 10.9291935060909 90 90 90
1320 1318.85409966108 -1.54169176321914e-06 0.277617006125886 -4.40865849227329 699285.083599409 700000 3.60208480724898 15.6935782080755 7.89712448904571 11.0516262487613 90 90 90
1340 1339.55297795424 -1.49152965907121e-06 0.27741625925536 -4.40581616694511 699120.050861734 700000 3.60469138573275 15.8420674124367 7.8409210081842 11.0212261540558 90 90 90
1360 1368.75850013051 -1.4221200709382e-06 0.277218803759616 -4.40385359048845 700658.921918201 700000 3.60725891042776 15.681927552749 7.85309876699142 11.2593398280789 90 90 90
1380 1384.65948899067 -1.38770924320169e-06 0.276941251182075 -4.40055922978074 699988.125164023 700000 3.61087413208279 15.694354966718 7.87151502288498 11.180399344633 90 90 90
1400 1394.83476291159 -1.36544746647427e-06 0.276957326334281 -4.39923756711169 700078.732120162 700000 3.61066454979069 15.6715772427502 7.72936032159925 11.2583543125909 90 90 90
1420 1423.6922672409 -1.30606194697147e-06 0.276423965720329 -4.3960699063683 700264.152825138 700000 3.61763133451224 15.8225767454726 7.92509862667357 11.1736721621607 90 90 90
1440 1445.58132072731 -1.26517281420098e-06 0.276113873836567 -4.39387769056665 698579.217381046 700000 3.62169414417728 15.6968491300654 7.87921895822334 11.0060143512052 90 90 90
1460 1462.83395239947 -1.23342093734542e-06 0.276326177595842 -4.39299408160112 699447.521066456 700000 3.61891156567371 16.0350112523022 7.91002897603853 10.9215572533625 90 90 90
1480 1479.00046177683 -1.20286465013253e-06 0.275798168580194 -4.3894761915847 698566.478815891 700000 3.62583988555105 15.7747309405075 8.04033679344915 11.1020932406848 90 90 90
1500 1496.73852120708 -1.17090983914854e-06 0.275561743814104 -4.38594288739141 699860.281410227 700000 3.62895076130236 15.7105872997782 7.84985186143626 11.2270415879958 90 90 90
1520 1520.1804988911 -1.13066681613783e-06 0.275405022959514 -4.38473667297154 701284.088694921 700000 3.63101583716215 15.8613189775497 7.94410901128175 11.001488371208 90 90 90
1540 1533.23006770365 -1.1111869346798e-06 0.274993198220597 -4.38033759919552 698572.478399498 700000 3.63645357947293 15.8144796636661 7.95105825588552 11.1993352946867 90 90 90
1560 1555.55422431769 -1.07542059477586e-06 0.274628573789347 -4.37801839756489 699338.946110345 700000 3.641281699868 15.7847006252448 7.96751544856327 11.2405253615928 90 90 90
1580 1580.85961192905 -1.04028378073052e-06 0.274721136825828 -4.37708757051827 699150.215379486 700000 3.6400548263383 15.8312640614496 7.9165026140487 11.1721079554006 90 90 90
1600 1598.82664495136 -1.0139669914556e-06 0.274585819341571 -4.37462516106491 700495.172623522 700000 3.64184866646755 15.6201737399002 7.83966372660981 11.3040319737714 90 90 90
1620 1616.21621408365 -9.87242332030563e-07 0.273824993046952 -4.36910069354728 700730.730417734 700000 3.65196759022115 15.8441597913772 7.87095327797434 11.2448646583786 90 90 90
1640 1638.43918908699 -9.58500100481025e-07 0.273603559391942 -4.36631929467552 699903.123026341 700000 3.65492321160736 15.877595182573 8.05425793894882 11.0865884398603 90 90 90
1660 1658.15713941618 -9.32730508886868e-07 0.273131286344985 -4.36213607012827 700492.567210396 700000 3.66124296261295 15.7867939129556 7.8823369526494 11.0824752162623 90 90 90
1680 1676.05149160956 -9.10997989420223e-07 0.273009494999261 -4.36044168424466 700027.671978802 700000 3.66287626737197 15.9580560863612 7.98847347239527 10.9658512239568 90 90 90
1700 1701.36360867701 -8.80417043828788e-07 0.2722966766587 -4.35478442915142 698996.32377936 700000 3.67246494621532 16.0032859740982 7.92667301185573 11.2193777872508 90 90 90
1720 1722.42400772645 -8.55418736908775e-07 0.271931372310903 -4.35191311657394 700255.750153756 700000 3.67739842410197 15.8607731829262 7.93955034506874 11.2289297883031 90 90 90
1740 1723.98702204728 -8.50504441828829e-07 0.271515997472425 -4.34674632848032 699799.433541252 700000 3.68302423912079 15.808482677624 7.97458934144098 11.1553461564917 90 90 90
1760 1767.79117627318 -8.03513155014556e-07 0.27039400694336 -4.34180573579263 701038.650766811 700000 3.69830682012665 15.9044779606202 7.87411621213455 11.462582822728 90 90 90
1780 1788.790728941 -7.81649904905713e-07 0.26998529391824 -4.33647231155458 701356.059711741 700000 3.7039054442085 15.8297607585608 7.89854157356407 11.3907303424655 90 90 90
1800 1798.55529843348 -7.71475777694637e-07 0.269566681536743 -4.33409941732862 700456.389930653 700000 3.7096572703244 15.6444493815399 7.90673133873443 11.3927572561746 90 90 90
