#T/K Taveraged/K integrand/(eV K^2) rho/A^-3 potentialEnergy/(eV) P/bar Ptarget/bar v/A^3
860 863.965680854041 -5.32428115190568e-06 0.195362250841108 -4.71933903399869 199513.283682253 200000 5.11869614367476 17.5982831546223 17.6833181659859 25.0525709861565 90 90 90
852.5 853.994921668631 -5.45590293223066e-06 0.196436778937396 -4.7226136681511 199906.971122958 200000 5.09069638287388 35.5661226654606 17.7766866307279 24.7965618421612 90 90 90
845 843.807496272857 -5.60488044149048e-06 0.196946903764879 -4.72320581219703 199816.510818645 200000 5.07751064314182
840 838.777632720887 -5.67830159653278e-06 0.197411133930014 -4.72577838419375 200308.957613493 200000 5.06557041688701
837.5 837.019834429087 -5.69681221147932e-06 0.197427733304409 -4.72523263051186 199800.061686901 200000 5.06514451269176 17.6577480805567 17.5343664296091 25.058640472273 90 90 90
830 829.900763719027 -5.80801144638057e-06 0.197811914776781 -4.72770679159138 200425.722893164 200000 5.05530721508074
825 825.727311892545 -5.87422765960752e-06 0.198167597687986 -4.72803644404774 199517.665361773 200000 5.04623365104568
815 814.831446742476 -6.03466341283519e-06 0.198558553057481 -4.73053640785624 200262.93775902 200000 5.03629778018432
812.5 811.298644986779 -6.0809470814655e-06 0.198667486606795 -4.73077838516368 200150.340259146 200000 5.03353627249139 17.4711923704709 17.5966774212746 24.9614612260715 90 90 90
810 810.197418593361 -6.10913095517292e-06 0.198847728956769 -4.73090589421567 199903.524352824 200000 5.02897370388077
805 805.450385616445 -6.1862597628211e-06 0.19933207430497 -4.73312295925359 200010.994177203 200000 5.01675409482792
800 799.162178335083 -6.28648036893554e-06 0.199521171741794 -4.73378090991695 200357.323752989 200000 5.01199943479746
795 796.412842990575 -6.33251492120816e-06 0.199759467574994 -4.73447771930423 200169.841087356 200000 5.00602055131418
787.5 788.203417716109 -6.46147067190705e-06 0.199863395160423 -4.73534254323617 200077.996035233 200000 5.00341745519403 17.5243030753118 17.6182330476934 24.8922488292662 90 90 90
785 784.633919863724 -6.5326471420458e-06 0.200006869587604 -4.73557398040113 199990.72187753 200000 4.99982826620859
780 780.179436999949 -6.61372096796178e-06 0.200170726813155 -4.73665258092855 199234.265007251 200000 4.9957354700192
775 774.565281295296 -6.69852494916473e-06 0.200244570977323 -4.73661782410702 199649.439242602 200000 4.99389319330532 17.6803107643944 17.4435665567805 24.9841742661202 90 90 90
762.5 762.924698941224 -6.91068313394446e-06 0.200760125859765 -4.73856597133837 200260.25837923 200000 4.9810688039642 17.616595059938 17.5215912793017 24.8958421975095 90 90 90
750 751.188400721594 -7.14242872734745e-06 0.201102700316478 -4.74092748339341 199445.238263131 200000 4.97258365216521 17.5860126371253 17.482175787106 24.9928837965908 90 90 90
737.5 739.228768246645 -7.37775742492592e-06 0.201213797291589 -4.74198373684069 200060.878769987 200000 4.96983811975304 17.5192028783719 17.5794520751476 24.7981515302126 90 90 90
725 725.301607437473 -7.67186704519316e-06 0.201812669942779 -4.74352388171568 200175.868320834 200000 4.95509028389316 17.4549790523896 17.8348459084659 24.4496011395961 90 90 90
712.5 712.441887982549 -7.96009201829245e-06 0.202317726394567 -4.74475214499019 200145.054857538 200000 4.94272062967812 17.4683937583154 17.6047677704158 24.447671295038 90 90 90
700 700.243115387729 -8.25019085037573e-06 0.20252607691813 -4.74609344207339 200080.824385402 200000 4.93763576136541 17.6107075248016 17.2710041383046 24.7696531771019 90 90 90
687.5 687.424111970312 -8.57114776831263e-06 0.203080650995407 -4.74818185116564 199858.679748997 200000 4.92415203072506 17.4575394187387 17.5062345128823 24.7243376865301 90 90 90
680 679.096137468616 -8.7997295716984e-06 0.203354993350459 -4.74891549818119 199892.572193608 200000 4.91750895084545
675 674.63913529993 -8.90662708176862e-06 0.20346718073473 -4.74935949717513 200208.330340086 200000 4.91479754321533 17.4359154060673 17.4742336958904 24.8838679584721 90 90 90
650 650.159813069461 -9.61148033962748e-06 0.204102951335462 -4.75148498131323 199503.774063944 200000 4.89948819189981 17.4383463850374 17.6519348435723 24.501450125151 90 90 90
625 624.95053472256 -1.04151994877726e-05 0.204787664681419 -4.75379770195171 200216.746571526 200000 4.88310661462771 17.5096065465511 17.4271254700052 24.456607454367 90 90 90
612.5 613.557597726624 -1.08198425233679e-05 0.205315519087872 -4.75526047387613 200085.330111179 200000 4.87055242800236 17.5170771776705 17.4676078444757 24.5141168534652 90 90 90
600 598.812352953871 -1.13709257110245e-05 0.205423085216719 -4.75614506454329 199860.394298284 200000 4.86800205023215 17.3160589788136 17.282856649672 24.9137834794266 90 90 90
587.5 586.916541509842 -1.18426833835179e-05 0.205867013222331 -4.75718611966443 199999.857220598 200000 4.85750477625099 17.3641957488522 17.2466463908285 24.6764501950199 90 90 90
575 574.724395388516 -1.23623079229697e-05 0.20603211066177 -4.75834574657798 200249.403234517 200000 4.85361236550956 17.3955487290212 17.2702282956017 24.8947866500614 90 90 90
562.5 562.091631224937 -1.29398261380486e-05 0.206450583751556 -4.75956960061644 200021.899577377 200000 4.8437741459884 17.569847670923 17.2832236452037 24.5398223593504 90 90 90
560 560.585351673328 -1.30309219223331e-05 0.206582874316591 -4.7594384001505 199679.424549317 200000 4.84067231278564
550 551.053684988892 -1.3470454793709e-05 0.206795045605129 -4.76042982329793 200034.067341994 200000 4.83570579301731 17.4262515642634 17.5851432945773 24.3389721634134 90 90 90
537.5 536.989170160483 -1.42019498920127e-05 0.207181104862591 -4.76129838415581 200032.872425397 200000 4.82669498583489 17.3217971346773 17.4022377762067 24.713442315525 90 90 90
525 524.906138407702 -1.48764575165477e-05 0.207417110760238 -4.76244744203412 199757.6197877 200000 4.82120301615782 17.2016742056776 17.2854796165957 24.8432858995971 90 90 90
512.5 512.713658063918 -1.56006490882632e-05 0.20789957120092 -4.76316763431759 200118.289560018 200000 4.81001473078351 17.2367367843851 17.4280840769851 24.7018952704408 90 90 90
500 499.201157104625 -1.6475411433599e-05 0.208176713369734 -4.76400135718173 200008.739491967 200000 4.80361123880336 17.351296324137 17.3169097332767 24.4732862502884 90 90 90
487.5 487.79621520636 -1.72723013387567e-05 0.208658999587327 -4.76491464105902 199707.964702389 200000 4.79250836042413 17.4503020447505 17.271250156903 24.3805495777847 90 90 90
475 475.694291744836 -1.81741213032814e-05 0.208919546408193 -4.76578969042116 199987.044522167 200000 4.78653154859033 17.3176062044772 17.2678170121658 24.4955802961004 90 90 90
462.5 462.845367832379 -1.92139390233422e-05 0.209603969391069 -4.76642865947696 200035.622706371 200000 4.77090201538238 17.384746670704 17.1928151191182 24.5066426927621 90 90 90
450 450.26119227552 -2.03274085258286e-05 0.210317803415203 -4.76684705310501 199819.630016657 200000 4.7547092246196 17.2876875008609 17.2630493603359 24.3282165849774 90 90 90
437.5 437.075181110156 -2.15890567168767e-05 0.210795717763731 -4.76761487488112 200175.012598473 200000 4.74392938627359 17.2337716636677 17.2125731109477 24.7116149583813 90 90 90
425 425.076506415716 -2.28409085087545e-05 0.211331895881277 -4.76832532810676 200223.514503585 200000 4.73189338424232 17.2888578684513 17.2601744043251 24.3937135116714 90 90 90
412.5 412.602262978665 -2.42738915915918e-05 0.212038171103444 -4.76886970451495 199997.95910271 200000 4.71613198131267 17.1848479325232 17.221744202902 24.4838580800751 90 90 90
400 399.479893025076 -2.59192016296583e-05 0.212647211214242 -4.76958807092724 199852.387637412 200000 4.70262456906853 17.190252563074 17.2425714828611 24.3864462301348 90 90 90
387.5 387.923716503953 -2.75149231448533e-05 0.213670541309381 -4.76969671357406 199842.048959567 200000 4.6801023382632 17.1704743094125 17.1081240519564 24.3319551335777 90 90 90
375 375.277317382825 -2.94355166866462e-05 0.214513063193347 -4.76995249107888 199719.871181435 200000 4.66172076009503 17.1895558333195 17.264853498952 24.2613382857263 90 90 90
362.5 361.720262849578 -3.17176281567168e-05 0.215367794131376 -4.77044326921041 199748.829490905 200000 4.64321977217258 17.1174920701744 17.1585032990667 24.314070332531 90 90 90
350 349.95037766469 -3.3911093945816e-05 0.216078288100222 -4.77135511195968 200118.079282828 200000 4.62795225189945 17.1356685901705 17.2016936122129 24.0907112103227 90 90 90
325 324.639301797679 -3.94979470000009e-05 0.217771449367092 -4.77241647141937 199863.515467824 200000 4.59197017288674 17.1026488477337 17.0759360532587 24.2002886901898 90 90 90
300 299.645281485903 -4.64574667514268e-05 0.21932207001481 -4.77396656848595 200100.557382284 200000 4.55950465875356 17.1508010714751 17.091955478552 24.0416202588912 90 90 90
275 274.738326403779 -5.5382608333484e-05 0.220338696596966 -4.77620259421288 199911.263193559 200000 4.53846743874117 17.0293714945438 17.0772046519738 23.9452996683657 90 90 90
250 249.595335644578 -6.72205777948326e-05 0.221313671935156 -4.77836604413245 200013.797453124 200000 4.51847367248508 16.9752990331578 16.9723917659912 24.1737978849482 90 90 90
225 224.966506082844 -8.29055255078766e-05 0.222206962550585 -4.78059146292597 199765.692427406 200000 4.50030902957126 16.982624480805 17.0327048069411 23.9334310089593 90 90 90
200 200.296947037984 -0.000104758789031209 0.222881559298487 -4.78309286803058 199918.465078571 200000 4.48668792136716 16.9811289267272 16.9728745414034 23.9814448660038 90 90 90
