#T/K Taveraged/K integrand/(eV K^2) rho/A^-3 potentialEnergy/(eV) P/bar Ptarget/bar v/A^3
725 725.001663896289 -7.26453693352234e-06 0.203771349784191 -4.70513271889026 259718.522347972 260000 4.90746123564021
750 750.367311286721 -6.76580022526986e-06 0.203403010101604 -4.70123501648135 259906.735551764 260000 4.91634808895148
775 775.390743561203 -6.32148704521419e-06 0.203138782866908 -4.69751689712673 260180.62124852 260000 4.92274289471932
800 799.848363523975 -5.92859109693749e-06 0.20263773565634 -4.69346288572404 259646.587353947 260000 4.93491499379924
825 824.606980000305 -5.5637570081229e-06 0.202266998702 -4.6899407854889 260186.882421259 260000 4.9439602427349
850 849.73035353696 -5.22731452339094e-06 0.201805211911 -4.68631419152719 260041.868580232 260000 4.95527340711608
875 875.165509072658 -4.91927809714534e-06 0.201686726261018 -4.68264100328577 259869.309177798 260000 4.95818449998451
900 900.257118420916 -4.63862134069254e-06 0.201228773274313 -4.67960222954785 259931.010962319 260000 4.96946825112734
925 923.840860173036 -4.3941060797601e-06 0.200799390209442 -4.67607159268583 260221.171535504 260000 4.98009480485454
950 950.004319038989 -4.14796618445054e-06 0.200393814235268 -4.67288195397594 259975.845700404 260000 4.99017399222699
975 975.47171414699 -3.92660832909255e-06 0.200233464952949 -4.66917562200094 259658.929478883 260000 4.99417018146783
1000 998.613604164555 -3.73824440394268e-06 0.199782531639126 -4.66607510984217 259848.399009759 260000 5.00544262701774
1000 999.094643480824 -3.73363783808746e-06 0.199749092629991 -4.66589996444653 260006.239730519 260000 5.00628056344852
1025 1025.50898661634 -3.53670334871333e-06 0.199516486959697 -4.66269812152114 260037.479469161 260000 5.01211711993507
1050 1049.92123998005 -3.3676481735745e-06 0.199160116378141 -4.65958731255907 259897.42226026 260000 5.02108563795637
1075 1076.14184089698 -3.19790394799375e-06 0.198831118191794 -4.65633234812616 260159.755348081 260000 5.029393834799
1100 1097.59831322236 -3.06809223893571e-06 0.198558311710532 -4.65289843235857 259926.469521721 260000 5.03630390178703
1125 1125.44521296251 -2.91164921506687e-06 0.198230871588176 -4.65001149206137 260223.817419442 260000 5.04462292875096
1150 1149.87873438813 -2.78366517927742e-06 0.197944808276881 -4.64651733244732 260007.021843584 260000 5.051913251502
1175 1174.88943955693 -2.66161568826929e-06 0.19764896693222 -4.64360594219202 259937.414036703 260000 5.05947496473853
1200 1199.48184907718 -2.54730194295967e-06 0.197331535581371 -4.6403839982272 260174.761988686 260000 5.0676137346919
1225 1226.17243194988 -2.43378575364027e-06 0.197045023151645 -4.63771776511789 259773.75216864 260000 5.07498227565183
1250 1249.77724436752 -2.33659491029126e-06 0.196856971058828 -4.6344469368248 260557.934331212 260000 5.07983026773872
1275 1274.97293296924 -2.24171838661764e-06 0.196529966937053 -4.63120745461651 259854.830445862 260000 5.08828254329424
1300 1300.26726366903 -2.15074311993011e-06 0.196195224638191 -4.628298342105 259880.717931893 260000 5.0969640155316
