#T/K Taveraged/K integrand/(eV K^2) rho/A^-3 potentialEnergy/(eV) P/bar Ptarget/bar v/A^3
200 199.752027788219 -0.000113112129460174 0.185094329309688 -4.86312213189278 100011.296885932 100000 5.40265065779982
220 220.03306376305 -9.32161247524292e-05 0.185620781109389 -4.86421992491908 99947.0981414339 100000 5.38732783055515
240 240.068778916064 -7.81891375524115e-05 0.185332227822853 -4.86148559850569 99952.6373158282 100000 5.39571563859814
260 259.779170265373 -6.66806431176114e-05 0.185036905071176 -4.85866719240081 99929.3713705293 100000 5.40432731305868
280 279.43193413305 -5.75492679511472e-05 0.184797424061617 -4.85585761858242 100192.488262178 100000 5.41133084012345
300 299.527705849786 -5.00278693653342e-05 0.184503833037433 -4.85304294491262 100078.148606198 100000 5.41994159978842
320 319.679649852155 -4.38653236101401e-05 0.184216331630327 -4.85019668526704 99853.6504670234 100000 5.42840035489758
340 340.384439448129 -3.86345799472774e-05 0.183829636343334 -4.84736194598967 99910.0532125617 100000 5.43981927991374
360 360.886491039714 -3.43187707603687e-05 0.183472814118264 -4.84438641709338 100007.754926617 100000 5.45039876782734
380 379.977026589677 -3.09112436932925e-05 0.183143583279258 -4.84164185505193 100059.898866546 100000 5.46019675980237
400 399.96789986096 -2.78675073648308e-05 0.182751524977579 -4.83859415452995 99959.2592379948 100000 5.47191056338757
420 419.957265451923 -2.5242594659576e-05 0.182315490311325 -4.83555478775936 99727.6530460484 100000 5.48499745299965
440 440.168341227985 -2.29342234373937e-05 0.181998605814192 -4.83259171822204 100115.976474047 100000 5.49454758472673
460 459.146081161933 -2.10266093310853e-05 0.181344722639644 -4.8249941987404 100111.018238152 100000 5.51435953273993
480 480.075698419297 -1.9200748404212e-05 0.180704189403439 -4.81978006260548 99921.177772853 100000 5.53390601126246
500 500.078235515268 -1.76634356824593e-05 0.180013680481233 -4.81588065975305 99831.6675865031 100000 5.55513335056916
520 520.739690085007 -1.62540889973971e-05 0.178698412338833 -4.81218491757962 100043.821488986 100000 5.59602061882835
540 539.224868368933 -1.51325564292078e-05 0.177375530391595 -4.80891554338473 99807.9636484838 100000 5.63775622146009
