#T/K Taveraged/K integrand/(eV K^2) rho/A^-3 potentialEnergy/(eV) P/bar Ptarget/bar v/A^3
500 499.450918446044 -1.08001449285848e-05 0.293714639402603 -4.44243938490999 799473.872759211 800000 3.40466516083072 15.4803418815238 7.71903667237892 10.9778866416016 90 90 90
520 520.222618446498 -9.92374354338816e-06 0.293605375420563 -4.44049615720527 800363.425905842 800000 3.40593219237758 15.3587984900854 7.70482739327773 10.997481994654 90 90 90
540 540.598333668396 -9.17384872930423e-06 0.293479274679555 -4.43841648301603 800526.929421231 800000 3.40739563668298 15.4383424198873 7.74925273770245 10.9752473857203 90 90 90
560 556.462336669838 -8.6458842616551e-06 0.293308724229891 -4.43666688906581 799968.926300213 800000 3.40937693764681 15.5226433040624 7.75439897086386 10.9350542220095 90 90 90
580 580.081192860007 -7.93630537407325e-06 0.293190160059409 -4.43472499030064 800553.885552972 800000 3.41075566723443 15.4236221090213 7.77045006755215 10.9837593891947 90 90 90
600 600.601729487177 -7.3821880225655e-06 0.293026678751913 -4.43287996600214 800676.422754393 800000 3.41265854788135 15.3621481418708 7.77563059968117 10.9199909738784 90 90 90
620 619.341883782154 -6.94265125688919e-06 0.292883655729611 -4.43077315974845 799011.821946239 800000 3.41432504148745 15.5615983857691 7.68660804237112 10.9553805723056 90 90 90
640 641.073283413989 -6.45954519451795e-06 0.292741225120106 -4.42902241334668 800572.476145105 800000 3.41598625062021 15.5702379544327 7.72417646843496 10.9563020893766 90 90 90
660 661.320909000781 -6.05675446819764e-06 0.292638383167497 -4.42696794148543 800044.35927106 800000 3.41718673120071 15.522834434022 7.71030640037393 10.9576695483517 90 90 90
680 678.059854216078 -5.7443987881587e-06 0.292492931406003 -4.42498162102715 800342.169823973 800000 3.41888604005928 15.5501960161264 7.77022342612827 10.8419172933238 90 90 90
700 700.103930703487 -5.3890208576203e-06 0.292335759514513 -4.42336108407916 800140.384765932 800000 3.42072417572424 15.339004395525 7.7326537638669 10.9930439744785 90 90 90
720 721.191407860625 -5.06240183883602e-06 0.292174660559484 -4.42103402867585 800379.756233004 800000 3.4226102909989 15.4443599410247 7.73576705164155 10.9744598091878 90 90 90
740 740.81482983093 -4.7885252937059e-06 0.292029746424413 -4.41933758119584 799645.144649132 800000 3.42430869541173 15.6386154077804 7.78924506217864 10.8669814133576 90 90 90
760 756.96066485108 -4.57850433201018e-06 0.291869854546485 -4.41722611040398 800261.008532013 800000 3.42618459708292 15.475834934128 7.80298463927779 10.9084337347605 90 90 90
780 778.518837267042 -4.31921998907415e-06 0.291766249531856 -4.41510313826179 800592.206699856 800000 3.4274012213699 15.4964273571798 7.70354388693274 11.024915813342 90 90 90
800 801.520618389996 -4.06638478279707e-06 0.291618056738712 -4.41283037807703 799717.077662281 800000 3.42914293848407 15.4255691065463 7.72630635187083 11.0643507789532 90 90 90
820 817.283992357981 -3.90359412841256e-06 0.291453324522759 -4.41075587383008 799751.312355837 800000 3.43108112298067 15.437392964545 7.82372085657913 10.892064437891 90 90 90
840 840.056437173627 -3.68330435483446e-06 0.291261101293706 -4.409298119875 799734.34038141 800000 3.43334552934896 15.5545718501659 7.79126764522687 10.918942879762 90 90 90
860 857.119966823353 -3.53677389952006e-06 0.291148946730451 -4.40694636097399 799251.256414901 800000 3.43466810108646 15.3836315530957 7.72983731207947 10.9562629363272 90 90 90
880 876.392460029295 -3.36736623554816e-06 0.2910265344805 -4.40515141512761 800905.540667846 800000 3.43611279907882 15.5087743474539 7.73962291793108 10.9631798488614 90 90 90
900 899.589437642242 -3.19031120538024e-06 0.290817895646958 -4.4026739085417 800531.182222774 800000 3.4385779381815 15.4923700965744 7.72013330222536 11.0819937091656 90 90 90
920 918.689795405697 -3.05372909028495e-06 0.290611340615864 -4.4009140843311 800565.31693411 800000 3.44102194319327 15.5888768309258 7.69324543053113 10.9009462500498 90 90 90
940 941.17512896938 -2.90779951611422e-06 0.290500484551361 -4.39931525148968 799644.261054463 800000 3.44233504995479 15.4226214484683 7.81907266614057 11.0666984880725 90 90 90
960 959.679538641412 -2.78949845895232e-06 0.290384752696786 -4.39758239866768 800129.23942157 800000 3.44370698086955 15.6512215723496 7.69042408488112 11.0060510412175 90 90 90
980 977.501363646963 -2.68325141193195e-06 0.290170923557682 -4.39442144138861 799898.200990199 800000 3.44624467448136 15.3674156286924 7.77159120442122 10.9764799443095 90 90 90
1000 1000.73248249952 -2.55028161765367e-06 0.290034395017571 -4.39298238440052 800573.091896547 800000 3.44786693295262 15.4293081448284 7.79840521151331 10.9820133928682 90 90 90
1020 1019.1463200883 -2.45487785459736e-06 0.289894289064825 -4.3910413635978 800578.166301574 800000 3.44953328755085 15.4808386460036 7.70701593286791 11.1516773497627 90 90 90
1040 1041.65414672177 -2.34709554805096e-06 0.289723494779875 -4.38854755750566 800162.130425547 800000 3.45156681462709 15.5535503234787 7.82732615020689 10.9909143880242 90 90 90
1060 1059.12298686551 -2.26789287526132e-06 0.289557536068273 -4.3870938338605 798963.2282813 800000 3.45354506595959 15.7238689390795 7.78723224155365 10.8238347994623 90 90 90
1080 1082.47058462868 -2.16197420792623e-06 0.28941815489772 -4.3852378040351 800362.976676786 800000 3.45520826208501 15.5645596879812 7.79589531563281 10.9327787827699 90 90 90
1100 1103.44230970197 -2.08383183355517e-06 0.289280460958875 -4.38337400460199 798891.500287084 800000 3.45685289868978 15.4510998534414 7.7132913336555 11.0519641886505 90 90 90
1120 1119.46444629734 -2.016527362205e-06 0.289075198423787 -4.38156179010841 798681.819074651 800000 3.45930749318034 15.3688276053928 7.82116323006393 11.0309674950794 90 90 90
1140 1138.08185394134 -1.9456711441452e-06 0.28894185402902 -4.37913591302597 799343.148956802 800000 3.46090393640087 15.5101673456831 7.75419677051816 10.9103758274017 90 90 90
1160 1159.42912060666 -1.87145002944168e-06 0.288707408480927 -4.37693076834447 798832.922149401 800000 3.46371437179819 15.4142475294835 7.75202379580155 11.1257664706086 90 90 90
1180 1184.16549099995 -1.78810590186333e-06 0.288513117610145 -4.37483759725823 799454.19781512 800000 3.46604691073789 15.5927941333076 7.77458956340339 11.0648690360385 90 90 90
1200 1198.82867667644 -1.7399014299415e-06 0.288382296050681 -4.37253972279661 799531.409527815 800000 3.46761924603117 15.6674595457967 7.76192414585874 11.0346042721132 90 90 90
1220 1222.78092605628 -1.66775258989715e-06 0.288183328693284 -4.37061463640711 800417.23397988 800000 3.47001335758846 15.6155072594868 7.79727647676019 10.968616657999 90 90 90
1240 1242.09291259615 -1.61339140815509e-06 0.28802945247876 -4.36926876609081 800114.737938296 800000 3.47186716981223 15.3387557615277 7.74400461117191 11.1436597510403 90 90 90
1260 1259.52752269904 -1.56445655174199e-06 0.287781549704477 -4.365825601316 801116.376232445 800000 3.47485792965846 15.5600357211878 7.79134648903163 10.9492526180414 90 90 90
1280 1284.85976116601 -1.49791874551243e-06 0.287715587065492 -4.36431873590598 802203.199023718 800000 3.47565458722392 15.5210813096289 7.78835333384218 10.9792588330703 90 90 90
1300 1300.46813591923 -1.4610420011769e-06 0.287547436834037 -4.3618038231223 800095.454858307 800000 3.47768705925613 15.6624131452273 7.8396933222994 10.9114391105327 90 90 90
1320 1320.78166088699 -1.41396940322234e-06 0.287415809512827 -4.36072883410318 800430.880054996 800000 3.47927972958415 15.5637829405654 7.83374862577061 10.960370112145 90 90 90
1340 1341.44805641114 -1.36847573576255e-06 0.287192464200304 -4.3582153981391 799837.063021752 800000 3.48198551373738 15.5540877934171 7.77080216571447 11.039592187748 90 90 90
1360 1359.09146099148 -1.32982008223236e-06 0.286995270712081 -4.35638658229606 799841.574901799 800000 3.48437797430892 15.6135494474958 7.74755554008573 11.0289673127427 90 90 90
1380 1380.97194198507 -1.28260516237094e-06 0.286814423770434 -4.35371462504671 800715.196535166 800000 3.48657500154315 15.5321321963135 7.78914129290538 11.0714128287669 90 90 90
1400 1393.33529663381 -1.2598699930716e-06 0.286711712976552 -4.35203006958263 799629.331052691 800000 3.48782402231953 15.6066946071333 7.75822704178834 11.0909766151269 90 90 90
1420 1421.39446129078 -1.20657180813285e-06 0.286461062893848 -4.35032596952076 799269.384247608 800000 3.49087582758346 15.6350336688651 7.7574256787304 10.8681975441685 90 90 90
1440 1445.62779357555 -1.16255861767988e-06 0.286189350968715 -4.34787279773967 800389.870901898 800000 3.49419011090079 15.6096593342216 7.88788474761597 10.9491784403045 90 90 90
1480 1476.094621295 -1.10931213428222e-06 0.285656980239898 -4.34153340992596 798983.743340927 800000 3.50070213288746 15.4630633550381 7.87046351021263 11.0773855461269 90 90 90
1500 1502.04859482629 -1.07055729618783e-06 0.285514577394015 -4.3409059423094 798329.463591959 800000 3.50244813812075 15.5127856404719 7.80841830147538 10.9120716987414 90 90 90
1520 1514.52917341733 -1.0485918152782e-06 0.285309886958011 -4.33778834532244 799719.245755481 800000 3.5049609064097 15.6194734432862 7.73529289990343 11.1089045222866 90 90 90
1560 1561.31104235494 -9.80162539043553e-07 0.284787610201655 -4.33259117418547 800197.654696454 800000 3.51138871277409 15.6059237709757 7.80207965852223 11.157135200144 90 90 90
1600 1602.44620123263 -9.27580409880125e-07 0.284384409439035 -4.32825056903759 799484.870832846 800000 3.51636716644404 15.6979897599717 7.89473400873683 10.9764410686687 90 90 90
1620 1620.82627199858 -9.0355781702823e-07 0.284130206662777 -4.32637076501149 799898.720374719 800000 3.51951315470959 15.6759507514754 7.79813164678288 11.0702131771946 90 90 90
1640 1646.62710147119 -8.72613544393944e-07 0.284041545997931 -4.32537386290928 800868.013490064 800000 3.5206117347611 15.6585900914114 7.73401303482916 11.1941650016551 90 90 90
1650 1650.84289266103 -8.67489245641144e-07 0.283812062480538 -4.32157589540234 800041.137102028 800000 3.52345841561464 15.763981542284 7.82023382243913 10.9213881453506 90 90 90
1660 1658.86751637151 -8.57679022753986e-07 0.28373487138778 -4.32080632979357 799727.737576341 800000 3.52441698515548 15.5513738484858 7.8018019553016 11.1293177617598 90 90 90
1675 1677.76144296362 -8.36199435735372e-07 0.283367670752915 -4.3181766193159 799974.977553387 800000 3.52898408397462 15.5605328945421 7.73457887326664 11.0663453222843 90 90 90
1700 1701.29632804753 -8.08705673243011e-07 0.282914006688328 -4.31372787761165 800726.913366887 800000 3.53464295283778 15.382496264218 7.79549946808099 11.2686156409661 90 90 90
1725 1719.91211895047 -7.89375438631392e-07 0.282623515946941 -4.31002551620178 799522.919784811 800000 3.53827598757825 15.5092400414978 7.80380362307755 11.0591794055859 90 90 90
1775 1771.46890030535 -7.38170895403923e-07 0.281858630360446 -4.30178545462453 799873.629954016 800000 3.5478778802025 15.6243959632146 7.87336248910275 10.9966235801825 90 90 90
1800 1799.14155083899 -7.11735079861201e-07 0.281197124206131 -4.2968806675864 800404.261861351 800000 3.55622413573104 15.6435188572568 7.86884733892321 11.0783612190056 90 90 90
1825 1826.64088226906 -6.86541890576234e-07 0.280661479128329 -4.29128535209539 799676.014987262 800000 3.56301122300707 15.9881058707671 7.86885263269938 10.8352349404054 90 90 90
1850 1859.55730469787 -6.59870675849496e-07 0.280313876370983 -4.28809352283712 799555.831996581 800000 3.56742952916303 15.8158890356206 7.87373198450697 11.1386492641445 90 90 90
1875 1875.99887733952 -6.44638052057629e-07 0.279982585407142 -4.28286772100487 801278.847165135 800000 3.57165071015338 15.686533706581 7.76334547873417 11.2517467193956 90 90 90
1900 1897.22084746261 -6.25401382630797e-07 0.278902513301451 -4.2734506779247 800366.515534637 800000 3.5854822108367 15.6970968280841 7.85624029251899 11.0912125186334 90 90 90
1925 1923.54169996488 -6.04277098492504e-07 0.278213731870531 -4.26729414827405 800836.413412339 800000 3.59435888831453 15.7593606843615 7.90197427085106 11.0826521829747 90 90 90
1975 1976.73105099479 -5.64610443331327e-07 0.276486893975203 -4.25206566938912 798993.738122308 800000 3.6168079637427 16.0346321180145 7.9701959794397 10.9509960723721 90 90 90
2000 1996.12333718366 -5.45791177530586e-07 0.274382455681457 -4.23275683189401 797639.356877714 800000 3.64454789033941 16.0083580129277 8.10796502859891 10.7915789025096 90 90 90
