#T/K Taveraged/K integrand/(eV K^2) rho/A^-3 potentialEnergy/(eV) P/bar Ptarget/bar v/A^3
1525 1522.57276954128 -9.5937610865367e-07 0.271722944718642 -4.25632544387125 799863.982727892 800000 3.68021920649896
1550 1550.85317038989 -9.20438756239858e-07 0.271470840507279 -4.25298691748613 800427.508719571 800000 3.68363688023129
1575 1572.21764545562 -8.93289351745937e-07 0.271321700303447 -4.25002095809485 800033.084664522 800000 3.68566170299536
1625 1624.14275670175 -8.30645238244187e-07 0.270780550742115 -4.24308887368778 799911.702484251 800000 3.69302742482556
1650 1650.08893603728 -8.01158708621623e-07 0.270410103840034 -4.23971942338245 800114.609195847 800000 3.69808666835752
1675 1673.09358160028 -7.75783751970815e-07 0.270001000028455 -4.23598632678069 800210.552750218 800000 3.70368998594306
1750 1749.35976180394 -7.02646286702456e-07 0.269491512823454 -4.22691123507699 799796.896411403 800000 3.71069199739551
1775 1774.30879563963 -6.80309606139462e-07 0.269159886703808 -4.22445513594182 800114.756425159 800000 3.7152638613659
1800 1797.80653676363 -6.60082623844547e-07 0.269057595955243 -4.22086174165939 800330.588932148 800000 3.7166763363423
1850 1847.38967850013 -6.20958880898446e-07 0.268667757576752 -4.21499899405224 800153.860766616 800000 3.72206925393466
1875 1876.55836022852 -5.99546873036673e-07 0.268451703389732 -4.21244695677699 800169.918514576 800000 3.72506483428128
1900 1898.95731478921 -5.83227416042417e-07 0.268205565972391 -4.20915963081674 800210.007305364 800000 3.72848339807735
1925 1924.58067638413 -5.6558597486393e-07 0.267959336043334 -4.20625657840673 800342.39840369 800000 3.73190953062476
1950 1951.87119667672 -5.48374775666626e-07 0.267833533499117 -4.20369699038611 799725.170058626 800000 3.73366242432557
1975 1974.02349723491 -5.33843856940131e-07 0.267602315358244 -4.20036958832463 800387.112618758 800000 3.73688844456104
2000 2000.46752927053 -5.18083296600377e-07 0.267344749678837 -4.19800259311472 800085.497615993 800000 3.7404886432268
2025 2026.51266598722 -5.03162698791146e-07 0.267085210644398 -4.19515910643023 799593.708566324 800000 3.74412344879484
2050 2051.26154931556 -4.8881373790612e-07 0.26686796400187 -4.1921019816442 800365.091088274 800000 3.74717139144133
2075 2075.12991143688 -4.75960414601915e-07 0.266650599640648 -4.18857305529009 799933.894703386 800000 3.75022595616755
2100 2099.35564276884 -4.63421824438853e-07 0.266494216122514 -4.18571012496261 799960.014006827 800000 3.7524266550696
2125 2126.86515447474 -4.49208867175625e-07 0.266248578036697 -4.18239957837875 800738.837666398 800000 3.75588860370241
2150 2150.74358959125 -4.38354763224776e-07 0.26606915700483 -4.18032844774791 799800.585702348 800000 3.75842134900983
2175 2174.07273761432 -4.27491021299765e-07 0.265966242280106 -4.17692180526157 799932.586563532 800000 3.75987565725291
2200 2198.82069503359 -4.160926876879e-07 0.265709366168434 -4.17485815231053 800568.447932633 800000 3.76351053942937
