#T/K Taveraged/K integrand/(eV K^2) rho/A^-3 potentialEnergy/(eV) P/bar Ptarget/bar v/A^3
500 499.642455250703 -1.69403097925281e-05 0.185430246189766 -4.79647012851017 150175.872458013 150000 5.39286346509304
525 524.400970818524 -1.5344506388092e-05 0.184867389688842 -4.79130237513338 149959.296594899 150000 5.40928284692688
550 549.258159679406 -1.39562843806928e-05 0.184338175573949 -4.78669660868499 150005.244152442 150000 5.42481228799425
575 575.100776862025 -1.27016839741806e-05 0.183525672166554 -4.78262029037728 149976.682969165 150000 5.44882897414197
600 600.491566138747 -1.16265441938857e-05 0.182994973569488 -4.77894641978553 150105.84958613 150000 5.4646309704254
625 625.846928897423 -1.0681309715244e-05 0.182339429804155 -4.77505928159791 150026.128067419 150000 5.48427732319919
650 650.230340264215 -9.8778815174617e-06 0.182077752953136 -4.77082698868967 149711.686013858 150000 5.49215916706411
675 675.67941651032 -9.12659522034656e-06 0.181289004095107 -4.76745065993109 149970.308286606 150000 5.51605435195279
700 699.617335591886 -8.49584404975707e-06 0.180743663047418 -4.76350891437629 149826.63703014 150000 5.53269742982717
725 725.016827176347 -7.89452495173771e-06 0.180258834018125 -4.76029359956421 150125.308836905 150000 5.54757832228878
750 750.252665778489 -7.35778229823707e-06 0.179668496613392 -4.75680384598312 149982.225259557 150000 5.56580601969294
775 776.5876660132 -6.85411134995448e-06 0.179239730821686 -4.75328461578652 149958.010850655 150000 5.57912018398886
800 799.617008316808 -6.45311418677708e-06 0.17869776622233 -4.7498506840145 149815.787236422 150000 5.59604085232845
825 825.27158817254 -6.04730142575283e-06 0.178219287337007 -4.74663043202546 149692.438658129 150000 5.61106496913003
825 825.407583450257 -6.04344902151935e-06 0.178270116745919 -4.74659927236624 149954.562782596 150000 5.6094651097652
850 850.32828919073 -5.68337269452758e-06 0.177779486355715 -4.74340912807612 150057.544319667 150000 5.62494594004576
875 873.902085940834 -5.37222796341503e-06 0.17726705503025 -4.74045027739504 149954.083209269 150000 5.641206144195
900 898.377164603051 -5.07290456877369e-06 0.176846829113097 -4.73715011734694 150057.646792333 150000 5.65461085740181
925 925.479529620295 -4.76997108902516e-06 0.176360926089666 -4.73406693408413 150184.083157156 150000 5.67019022961796
950 950.154749534764 -4.5189890582776e-06 0.175921527052277 -4.73089235563329 149827.507275247 150000 5.68435265857395
975 975.627275972343 -4.27682503570608e-06 0.175500907791732 -4.72799060740922 150037.091519104 150000 5.69797622463987
1000 1000.76945577991 -4.05746592300818e-06 0.174968534759366 -4.72502015489632 149983.227385921 150000 5.71531333548228
1025 1024.10597230592 -3.86673109481667e-06 0.174604687867093 -4.72178157842248 150171.001568756 150000 5.72722309014514
1050 1049.69274827633 -3.67542251712729e-06 0.174093320391179 -4.71918035183964 149657.918344863 150000 5.74404576667875
1075 1074.87209528299 -3.4973293944027e-06 0.173645739997792 -4.71628883294571 149989.675485549 150000 5.75885132576655
1100 1099.73146806303 -3.33481937502282e-06 0.173375613142848 -4.71310931723181 150157.276325574 150000 5.76782387022376
1125 1123.91394556844 -3.18724764577803e-06 0.17292707720686 -4.71046479636726 150058.912413154 150000 5.78278437450124
1150 1148.78630682357 -3.04514761243955e-06 0.172525937803494 -4.7074494073404 149978.529658521 150000 5.79622990450857
