#U[eV]	 V[A³]	 rho[g/cm3]	 Pges[kB]	 H[eV/f.u.]	 a[A]	 b[A]	 c[A]
-52.33466945 	 37.66920795714703638704 	 3.17391350877383989868 	 1000.28235 	 -7.20419024854031348274 	 2.66078390472425229999 	 3.76265947019332709999 	 3.76254730206711049999
-51.88439667 	 36.98200551757296884631 	 3.23289141101848843623 	 1099.979167 	 -6.62357257857046079968 	 2.64450272622154839999 	 3.73964196120261149999 	 3.73952478309673399999
-51.42175488 	 36.33897164729615602784 	 3.29009882724339322028 	 1199.997033 	 -6.05115498601281521083 	 2.62906314554791279999 	 3.71783528296381589999 	 3.71776103376221249999
-51.18847477 	 36.03376792357970384549 	 3.31796575516498651043 	 1250.033983 	 -5.76864365629419424034 	 2.62168162468331229999 	 3.70739816270104639999 	 3.70732360712491849999
-50.95179294 	 35.73809706333644499465 	 3.34541617557625500908 	 1299.999663 	 -5.48851134420772913405 	 2.61444650087918529999 	 3.69718407749220649999 	 3.69726509453103479999
-50.47575280 	 35.17446864162485345267 	 3.39902243351918582566 	 1400.000083 	 -4.93497605355866720069 	 2.60061525823683269999 	 3.67765684143016889999 	 3.67773333347931429999
-49.99485975 	 34.64423714631537808838 	 3.45104461371336024934 	 1499.998633 	 -4.39001040423215023986 	 2.58742337581743209999 	 3.65913196708002129999 	 3.65919397927186289999
-49.50937557 	 34.14383132471723955070 	 3.50162249991697791259 	 1600.045547 	 -3.85274001026650371506 	 2.57484503480514879999 	 3.64148359000154679999 	 3.64152083085419509999
-49.02074944 	 33.67010483473666389312 	 3.55088909247036139528 	 1700.0072 	 -3.32367838242229873501 	 2.56286229704454759999 	 3.62458612471182429999 	 3.62460573192491559999
-48.77617842 	 33.44292420161191199536 	 3.57501058457792986760 	 1750.012103 	 -3.06185528012324124928 	 2.55708531811143839999 	 3.61641534788895709999 	 3.61643548664418899999
-48.52931220 	 33.22110743046045428748 	 3.59888086964784484529 	 1799.9974 	 -2.80159868196630513600 	 2.55137550002464989999 	 3.60844051559122649999 	 3.60844569960204579999
-48.03531445 	 32.79418032419400640767 	 3.64573246893428604117 	 1900.00251 	 -2.28627011555418860711 	 2.54032509327223319999 	 3.59297711071867589999 	 3.59296537251390009999
-47.53951114 	 32.38739070430667177752 	 3.69152331818141251834 	 1999.958647 	 -1.77777724041314185733 	 2.52966519829097479999 	 3.57815904551487039999 	 3.57810658958437469999
-47.04174876 	 31.99945818592476234755 	 3.73627601146662454417 	 2100.033423 	 -1.27471272607636308096 	 2.51957584176635849999 	 3.56377366300251049999 	 3.56373231666458779999
-46.54304309 	 31.62852559488514082716 	 3.78009425830885552854 	 2200.01399 	 -.77815673480159894307 	 2.50959566421576019999 	 3.55007528459018439999 	 3.55007582243842459999
-46.29278353 	 31.44885537163731605678 	 3.80169028688484923546 	 2249.988857 	 -.53203290991731674595 	 2.50482569977520919999 	 3.54333921256105099999 	 3.54335448536457199999
-46.04351395 	 31.27332857923838569611 	 3.82302791009500123828 	 2300.009023 	 -.28725065412452798136 	 2.50015625249478329999 	 3.53673229551743919999 	 3.53675330494039339999
-45.54296068 	 30.93271164619766005830 	 3.86512535232896468379 	 2399.99858 	 .19826086417751689973 	 2.49102184805833149999 	 3.52387326793685539999 	 3.52387240988884629999
-45.04195662 	 30.60568341237229291529 	 3.90642503841847116451 	 2500.00084 	 .67861788588064145775 	 2.48226916387337139999 	 3.51137007336005879999 	 3.51137009323938539999
-44.54052579 	 30.29131678494692622470 	 3.94696634843599719744 	 2600.026937 	 1.15412508438654700889 	 2.47392202557480709999 	 3.49916750469829019999 	 3.49918910150191739999
-44.03910042 	 29.98852355003020166160 	 3.98681875086443165186 	 2699.998057 	 1.62443647835067290863 	 2.46570754566477209999 	 3.48743959174108519999 	 3.48744065814943659999
-43.78930232 	 29.84163432969539399575 	 4.00644303455682705579 	 2750.014027 	 1.85789674610441032604 	 2.46167428654514349999 	 3.48173671974999979999 	 3.48173799920716929999
-43.53767498 	 29.69682872158338371841 	 4.02597897307148325174 	 2800.01505 	 2.09036265568066399049 	 2.45771022201740719999 	 3.47608568040925589999 	 3.47607329916813999999
-42.66751918 	 29.21360240946846219342 	 4.09257325831372391204 	 2899.98761 	 2.55249349730704281309 	 2.30487558060276409999 	 3.53803670297833989999 	 3.58241004263388739999
-42.08237097 	 28.89645692913762073189 	 4.13749022218164674452 	 2999.994913 	 3.00619651988480895601 	 2.28143129027597789999 	 3.53165263320082399999 	 3.58640409495553669999
-40.67282748 	 28.17565891558834569847 	 4.24333671692247098936 	 3249.844927 	 4.11962493895599076279 	 2.23821518273535509999 	 3.51130611498490849999 	 3.58511879634053889999
-39.31141212 	 27.53010853965402552041 	 4.34283823573702885221 	 3499.969917 	 5.20709201074618962289 	 2.20488335590070239999 	 3.48958375093400039999 	 3.57806873027091579999
-37.98160861 	 26.94308820447028675371 	 4.43745746933951293135 	 3750.043833 	 6.27030033211373412216 	 2.17745160910266659999 	 3.46801854833780169999 	 3.56793923282232979999
-36.67343467 	 26.40194646438340941697 	 4.52840884899476953213 	 3999.98726 	 7.31038749502303065560 	 2.15291367859946579999 	 3.44712667130728659999 	 3.55755879526761689999
-31.57692038 	 24.58092074961400065035 	 4.86388647593184470180 	 4999.98836 	 11.28348002006223313040 	 2.07546048929946719999 	 3.37138163090943669999 	 3.51298067150605229999
-26.67902610 	 23.15123498471324658117 	 5.16425184569828108772 	 6000.000563 	 15.00504173654876801204 	 2.01764350197776479999 	 3.30687930090770889999 	 3.46985547648696579999
-21.94411939 	 21.98269192113440713982 	 5.43877012100846566123 	 6999.992233 	 18.52484816793406433038 	 1.97132019566359969999 	 3.25116368801129729999 	 3.42992691845902889999
-17.34794607 	 21.00012060914211070913 	 5.69324387346383783218 	 8000.000557 	 21.87750366429294508292 	 1.93261707778874209999 	 3.20228870142326109999 	 3.39324715040245369999
-12.87391402 	 20.15646664874591712777 	 5.93153602183737087328 	 8999.994657 	 25.08802748953914799278 	 1.89939817621295019999 	 3.15883166979577859999 	 3.35947879458178899999
-8.50958737 	 19.42029940992684714569 	 6.15638335312618936674 	 10000.00063 	 28.17559845402685985897 	 1.87033097183411499999 	 3.11972634685992299999 	 3.32828842784775339999
-4.24564896 	 18.76963227792726081928 	 6.36980022994904056319 	 10999.96262 	 31.15495619962820876140 	 1.84450782606160789999 	 3.08425545782473249999 	 3.29932365009361429999
