#U[eV]	 V[A³]	 rho[g/cm3]	 Pges[kB]	 H[eV/f.u.]	 a[A]	 b[A]	 c[A]
-26.16941283 	 18.83691742483093162839 	 3.17352370623011012563 	 1000.00051 	 -7.20616393497791003500 	 2.66074514263203189999 	 2.66074514263203189999 	 2.66074514263203189999
-25.94229224 	 18.49125427716993900071 	 3.23284743716958693234 	 1100.00047 	 -6.62341025821328839812 	 2.64436940367586229999 	 2.64436940367586179999 	 2.64436940367586179999
-25.71098709 	 18.16971319329191804067 	 3.29005765605975422923 	 1200.0005 	 -6.05110500443827465156 	 2.62895220557489879999 	 2.62895220557489879999 	 2.62895220557489879999
-25.59433285 	 18.01713399045828509275 	 3.31791971085182826336 	 1249.99958 	 -5.76878728930797678549 	 2.62157268157526069999 	 2.62157268157526069999 	 2.62157268157526069999
-25.47591202 	 17.86915785245106097988 	 3.34539570883024188606 	 1300.00049 	 -5.48847015620040782114 	 2.61437588199101209999 	 2.61437588199101209999 	 2.61437588199101209999
-25.23787360 	 17.58729928488970838359 	 3.39900987818863300213 	 1399.99966 	 -4.93494859204858760781 	 2.60055704459502699999 	 2.60055704459502699999 	 2.60055704459502699999
-24.99729528 	 17.32208811472002876395 	 3.45105068188635033537 	 1499.99961 	 -4.38995208325003600217 	 2.58741890987370659999 	 2.58741890987370659999 	 2.58741890987370659999
-24.75473720 	 17.07187304040879014602 	 3.50163124213162304850 	 1599.9997 	 -3.85303026002823223849 	 2.57490013954819429999 	 2.57490013954819429999 	 2.57490013954819429999
-24.51026829 	 16.83501705805640041874 	 3.55089655055576884866 	 1700 	 -3.32368175394393361370 	 2.56293654408049499999 	 2.56293654408049499999 	 2.56293654408049499999
-24.38805729 	 16.72146638950148075396 	 3.57500966766481125128 	 1749.99945 	 -3.06190300581131919653 	 2.55716128155826939999 	 2.55716128155826939999 	 2.55716128155826939999
-24.26449838 	 16.61047922595257720843 	 3.59889700873887777515 	 1800.00002 	 -2.80154808384690043714 	 2.55149107852243829999 	 2.55149107852243829999 	 2.55149107852243829999
-24.01755466 	 16.39703836825347215397 	 3.64574398482470547447 	 1899.99986 	 -2.28626310425989857222 	 2.54051523886720519999 	 2.54051523886720519999 	 2.54051523886720519999
-23.76948299 	 16.19362762920347161948 	 3.69153875640528208115 	 1999.99961 	 -1.77747620688490241686 	 2.52996618290780039999 	 2.52996618290780039999 	 2.52996618290780039999
-23.52075720 	 15.99959387641305335591 	 3.73630758766496490365 	 2099.99989 	 -1.27491018576126964284 	 2.51982077945702039999 	 2.51982077945702039999 	 2.51982077945702039999
-23.27137821 	 15.81411195654168784206 	 3.78013031425843469394 	 2200.00045 	 -.77825545274787177579 	 2.51004555170643639999 	 2.51004555170643639999 	 2.51004555170643639999
-23.14691476 	 15.72448520678435762636 	 3.80167638010865168785 	 2250.00039 	 -.53219742309940341581 	 2.50529465642439009999 	 2.50529465642439009999 	 2.50529465642439009999
-23.02148520 	 15.63650766679665357506 	 3.82306620339134879565 	 2300.00049 	 -.28726882586138223069 	 2.50061359161896399999 	 2.50061359161896449999 	 2.50061359161896399999
-22.77138209 	 15.46626706653588871691 	 3.86514753319782814151 	 2400.00058 	 .19825316551498946338 	 2.49150541303630569999 	 2.49150541303630569999 	 2.49150541303630569999
-22.52094396 	 15.30278093558223383497 	 3.90644055166470551952 	 2500.00061 	 .67858654993768709131 	 2.48269548104186329999 	 2.48269548104186329999 	 2.48269548104186329999
-22.27033526 	 15.14559641699658673376 	 3.94698249934316020815 	 2600.00055 	 1.15391389472960292277 	 2.47416576540723329999 	 2.47416576540723379999 	 2.47416576540723329999
-22.01964427 	 14.99429861107892787255 	 3.98680895656102454359 	 2700.00046 	 1.62443173101658856757 	 2.46589957175165079999 	 2.46589957175165079999 	 2.46589957175165119999
-21.89467381 	 14.92081019231041566617 	 4.00644490677911685985 	 2750.00064 	 1.85781710171498893205 	 2.46186443981464939999 	 2.46186443981464939999 	 2.46186443981464989999
-21.76899158 	 14.84848309816498913431 	 4.02596033579939764763 	 2800.0004 	 2.09027778863507071423 	 2.45788011670032919999 	 2.45788011670032919999 	 2.45788011670032919999
-21.51831950 	 14.70779398193546066989 	 4.06447112826184528778 	 2900.00051 	 2.55167272458754916668 	 2.45009267909495859999 	 2.45009267909495859999 	 2.45009267909495859999
-21.26771319 	 14.57190190477632923125 	 4.10237485749239823324 	 3000.0005 	 3.00874421163321242703 	 2.44252347462051979999 	 2.44252347462051979999 	 2.44252347462051979999
-20.63946204 	 14.25070306939915077183 	 4.19483892892033050638 	 3249.99966 	 4.13397483081698903419 	 2.42444366417341419999 	 2.42444366417341419999 	 2.42444366417341419999
-20.01591490 	 13.95500033725496691796 	 4.28372644609759793162 	 3499.99985 	 5.23458743174453297995 	 2.40755721659074679999 	 2.40755721659074679999 	 2.40755721659074679999
-19.39367384 	 13.68031970759001076900 	 4.36973735100895678981 	 3749.99948 	 6.31300559330577582559 	 2.39165619392124679999 	 2.39165619392124679999 	 2.39165619392124679999
-18.77614305 	 13.42493569762328682732 	 4.45286333926971277445 	 4000.0004 	 7.37030154706454429120 	 2.37668014506710219999 	 2.37668014506710219999 	 2.37668014506710219999
-16.32555232 	 12.54966822273113383376 	 4.76342505148637695836 	 4999.99949 	 11.41943863241148154154 	 2.32386421405965299999 	 2.32386421405965299999 	 2.32386421405965299999
-13.92530061 	 11.84919444448098796392 	 5.04501840020386510519 	 5999.99956 	 15.22440419834264311619 	 2.27979751231408699999 	 2.27979751231408699999 	 2.27979751231408739999
-11.57806440 	 11.27001278112984274871 	 5.30428892681406414687 	 7000.00084 	 18.83063092559715083818 	 2.24203025837475289999 	 2.24203025837475329999 	 2.24203025837475289999
-9.28066834 	 10.77895233537006259096 	 5.54593824520772924669 	 8000.00087 	 22.27043996125967410938 	 2.20898203463376499999 	 2.20898203463376499999 	 2.20898203463376499999
-7.03194540 	 10.35496772054212145585 	 5.77301693383456763254 	 9000.00002 	 25.56780826474353539807 	 2.17963070088483549999 	 2.17963070088483549999 	 2.17963070088483549999
-4.82879462 	 9.98338638277907613662 	 5.98788844866477081132 	 10000.00067 	 28.74130275672828897206 	 2.15324093025642459999 	 2.15324093025642459999 	 2.15324093025642459999
-2.66879706 	 9.65382561002342104029 	 6.19230203805752917930 	 11000.00012 	 31.80554351769205652491 	 2.12928183816484709999 	 2.12928183816484709999 	 2.12928183816484709999
