1 0.007 0.00043327 0.00073902
2 0.021 0.00129981 0.00443412
3 0.035 0.00216635 0.0147804
4 0.049 0.00303289 0.0232264
5 0.063 0.00389943 0.0385346
6 0.077 0.00476597 0.0477196
7 0.091 0.00563251 0.0604941
8 0.105 0.00649905 0.0736909
9 0.119 0.00736559 0.0707348
10 0.133 0.00823213 0.082348
11 0.147 0.00909867 0.0783361
12 0.161 0.00996521 0.0808699
13 0.175 0.0108318 0.0672508
14 0.189 0.0116983 0.0602829
15 0.203 0.0125648 0.0597551
16 0.217 0.0134314 0.0514147
17 0.231 0.0142979 0.0447635
18 0.245 0.0151645 0.0331503
19 0.259 0.016031 0.0285051
20 0.273 0.0168975 0.0221706
21 0.287 0.0177641 0.014886
22 0.301 0.0186306 0.0115076
23 0.315 0.0194972 0.00897382
24 0.329 0.0203637 0.00717905
25 0.343 0.0212302 0.0041174
26 0.357 0.0220968 0.0036951
27 0.371 0.0229633 0.00200591
28 0.385 0.0238299 0.00105574
29 0.399 0.0246964 0.00147804
30 0.413 0.0255629 0.000316723
31 0.427 0.0264295 0.000422297
32 0.441 0.027296 0.00073902
33 0.455 0.0281626 0.000211149
34 0.469 0.0290291 0.000105574
35 0.483 0.0298956 0.000105574
36 0.497 0.0307622 0
37 0.511 0.0316287 0
38 0.525 0.0324953 0
39 0.539 0.0333618 0
40 0.553 0.0342283 0
41 0.567 0.0350949 0
42 0.581 0.0359614 0
43 0.595 0.036828 0
44 0.609 0.0376945 0
45 0.623 0.038561 0
46 0.637 0.0394276 0
47 0.651 0.0402941 0
48 0.665 0.0411607 0
49 0.679 0.0420272 0
50 0.693 0.0428937 0
51 0.707 0.0437603 0
52 0.721 0.0446268 0
53 0.735 0.0454934 0
54 0.749 0.0463599 0
55 0.763 0.0472265 0
56 0.777 0.048093 0
57 0.791 0.0489595 0
58 0.805 0.0498261 0
59 0.819 0.0506926 0
60 0.833 0.0515592 0
61 0.847 0.0524257 0
62 0.861 0.0532922 0
63 0.875 0.0541588 0
64 0.889 0.0550253 0
65 0.903 0.0558919 0
66 0.917 0.0567584 0
67 0.931 0.0576249 0
68 0.945 0.0584915 0
69 0.959 0.059358 0
70 0.973 0.0602246 0
71 0.987 0.0610911 0
72 1.001 0.0619576 0
73 1.015 0.0628242 0
74 1.029 0.0636907 0
75 1.043 0.0645573 0
76 1.057 0.0654238 0
77 1.071 0.0662903 0
78 1.085 0.0671569 0
79 1.099 0.0680234 0
80 1.113 0.06889 0
81 1.127 0.0697565 0
82 1.141 0.070623 0
83 1.155 0.0714896 0
84 1.169 0.0723561 0
85 1.183 0.0732227 0
86 1.197 0.0740892 0
87 1.211 0.0749557 0
88 1.225 0.0758223 0
89 1.239 0.0766888 0
90 1.253 0.0775554 0
91 1.267 0.0784219 0
92 1.281 0.0792884 0
93 1.295 0.080155 0
94 1.309 0.0810215 0
95 1.323 0.0818881 0
96 1.337 0.0827546 0
97 1.351 0.0836211 0
98 1.365 0.0844877 0
99 1.379 0.0853542 0
100 1.393 0.0862208 0
101 1.407 0.0870873 0
102 1.421 0.0879539 0
103 1.435 0.0888204 0
104 1.449 0.0896869 0
105 1.463 0.0905535 0
106 1.477 0.09142 0
107 1.491 0.0922866 0
108 1.505 0.0931531 0
109 1.519 0.0940196 0
110 1.533 0.0948862 0
111 1.547 0.0957527 0
112 1.561 0.0966193 0
113 1.575 0.0974858 0
114 1.589 0.0983523 0
115 1.603 0.0992189 0
116 1.617 0.100085 0
117 1.631 0.100952 0
118 1.645 0.101818 0
119 1.659 0.102685 0
120 1.673 0.103552 0
121 1.687 0.104418 0
122 1.701 0.105285 0
123 1.715 0.106151 0
124 1.729 0.107018 0
125 1.743 0.107884 0
126 1.757 0.108751 0
127 1.771 0.109617 0
128 1.785 0.110484 0
129 1.799 0.11135 0
130 1.813 0.112217 0
131 1.827 0.113084 0
132 1.841 0.11395 0
133 1.855 0.114817 0
134 1.869 0.115683 0
135 1.883 0.11655 0
136 1.897 0.117416 0
137 1.911 0.118283 0
138 1.925 0.119149 0
139 1.939 0.120016 0
140 1.953 0.120882 0
141 1.967 0.121749 0
142 1.981 0.122615 0
143 1.995 0.123482 0
144 2.009 0.124349 0
145 2.023 0.125215 0
146 2.037 0.126082 0
147 2.051 0.126948 0
148 2.065 0.127815 0
149 2.079 0.128681 0
150 2.093 0.129548 0
151 2.107 0.130414 0
152 2.121 0.131281 0
153 2.135 0.132147 0
154 2.149 0.133014 0
155 2.163 0.13388 0
156 2.177 0.134747 0
157 2.191 0.135614 0
158 2.205 0.13648 0
159 2.219 0.137347 0
160 2.233 0.138213 0
161 2.247 0.13908 0
162 2.261 0.139946 0
163 2.275 0.140813 0
164 2.289 0.141679 0
165 2.303 0.142546 0
166 2.317 0.143412 0
167 2.331 0.144279 0
168 2.345 0.145146 0
169 2.359 0.146012 0
170 2.373 0.146879 0
171 2.387 0.147745 0
172 2.401 0.148612 0
173 2.415 0.149478 0
174 2.429 0.150345 0
175 2.443 0.151211 0
176 2.457 0.152078 0
177 2.471 0.152944 0
178 2.485 0.153811 0
179 2.499 0.154677 0
180 2.513 0.155544 0
181 2.527 0.156411 0
182 2.541 0.157277 0
183 2.555 0.158144 0
184 2.569 0.15901 0
185 2.583 0.159877 0
186 2.597 0.160743 0
187 2.611 0.16161 0
188 2.625 0.162476 0
189 2.639 0.163343 0
190 2.653 0.164209 0
191 2.667 0.165076 0
192 2.681 0.165942 0
193 2.695 0.166809 0
194 2.709 0.167676 0
195 2.723 0.168542 0
196 2.737 0.169409 0
197 2.751 0.170275 0
198 2.765 0.171142 0
199 2.779 0.172008 0
200 2.793 0.172875 0
201 2.807 0.173741 0
202 2.821 0.174608 0
203 2.835 0.175474 0
204 2.849 0.176341 0
205 2.863 0.177208 0
206 2.877 0.178074 0
207 2.891 0.178941 0
208 2.905 0.179807 0
209 2.919 0.180674 0
210 2.933 0.18154 0
211 2.947 0.182407 0
212 2.961 0.183273 0
213 2.975 0.18414 0
214 2.989 0.185006 0
215 3.003 0.185873 0
216 3.017 0.186739 0
217 3.031 0.187606 0
218 3.045 0.188473 0
219 3.059 0.189339 0
220 3.073 0.190206 0
221 3.087 0.191072 0
222 3.101 0.191939 0
223 3.115 0.192805 0
224 3.129 0.193672 0
225 3.143 0.194538 0
226 3.157 0.195405 0
227 3.171 0.196271 0
228 3.185 0.197138 0
229 3.199 0.198004 0
230 3.213 0.198871 0
231 3.227 0.199738 0
232 3.241 0.200604 0
233 3.255 0.201471 0
234 3.269 0.202337 0
235 3.283 0.203204 0
236 3.297 0.20407 0
237 3.311 0.204937 0
238 3.325 0.205803 0
239 3.339 0.20667 0
240 3.353 0.207536 0
241 3.367 0.208403 0
242 3.381 0.20927 0
243 3.395 0.210136 0
244 3.409 0.211003 0
245 3.423 0.211869 0
246 3.437 0.212736 0
247 3.451 0.213602 0
248 3.465 0.214469 0
249 3.479 0.215335 0
250 3.493 0.216202 0
251 3.507 0.217068 0
252 3.521 0.217935 0
253 3.535 0.218801 0
254 3.549 0.219668 0
255 3.563 0.220535 0
256 3.577 0.221401 0
257 3.591 0.222268 0
258 3.605 0.223134 0
259 3.619 0.224001 0
260 3.633 0.224867 0
261 3.647 0.225734 0
262 3.661 0.2266 0
263 3.675 0.227467 0
264 3.689 0.228333 0
265 3.703 0.2292 0
266 3.717 0.230066 0
267 3.731 0.230933 0
268 3.745 0.2318 0
269 3.759 0.232666 0
270 3.773 0.233533 0
271 3.787 0.234399 0
272 3.801 0.235266 0
273 3.815 0.236132 0
274 3.829 0.236999 0
275 3.843 0.237865 0
276 3.857 0.238732 0
277 3.871 0.239598 0
278 3.885 0.240465 0
279 3.899 0.241332 0
280 3.913 0.242198 0
281 3.927 0.243065 0
282 3.941 0.243931 0
283 3.955 0.244798 0
284 3.969 0.245664 0
285 3.983 0.246531 0
286 3.997 0.247397 0
287 4.011 0.248264 0
288 4.025 0.24913 0
289 4.039 0.249997 0
290 4.053 0.250863 0
291 4.067 0.25173 0
292 4.081 0.252597 0
293 4.095 0.253463 0
294 4.109 0.25433 0
295 4.123 0.255196 0
296 4.137 0.256063 0
297 4.151 0.256929 0
298 4.165 0.257796 0
299 4.179 0.258662 0
300 4.193 0.259529 0
301 4.207 0.260395 0
302 4.221 0.261262 0
303 4.235 0.262128 0
304 4.249 0.262995 0
305 4.263 0.263862 0
306 4.277 0.264728 0
307 4.291 0.265595 0
308 4.305 0.266461 0
309 4.319 0.267328 0
310 4.333 0.268194 0
311 4.347 0.269061 0
312 4.361 0.269927 0
313 4.375 0.270794 0
314 4.389 0.27166 0
315 4.403 0.272527 0
316 4.417 0.273393 0
317 4.431 0.27426 0
318 4.445 0.275127 0
319 4.459 0.275993 0
320 4.473 0.27686 0
321 4.487 0.277726 0
322 4.501 0.278593 0
323 4.515 0.279459 0
324 4.529 0.280326 0
325 4.543 0.281192 0
326 4.557 0.282059 0
327 4.571 0.282925 0
328 4.585 0.283792 0
329 4.599 0.284659 0
330 4.613 0.285525 0
331 4.627 0.286392 0
332 4.641 0.287258 0
333 4.655 0.288125 0
334 4.669 0.288991 0
335 4.683 0.289858 0
336 4.697 0.290724 0
337 4.711 0.291591 0
338 4.725 0.292457 0
339 4.739 0.293324 0
340 4.753 0.29419 0
341 4.767 0.295057 0
342 4.781 0.295924 0
343 4.795 0.29679 0
344 4.809 0.297657 0
345 4.823 0.298523 0
346 4.837 0.29939 0
347 4.851 0.300256 0
348 4.865 0.301123 0
349 4.879 0.301989 0
350 4.893 0.302856 0
351 4.907 0.303722 0
352 4.921 0.304589 0
353 4.935 0.305455 0
354 4.949 0.306322 0
355 4.963 0.307189 0
356 4.977 0.308055 0
357 4.991 0.308922 0
358 5.005 0.309788 0
359 5.019 0.310655 0
360 5.033 0.311521 0
361 5.047 0.312388 0
362 5.061 0.313254 0
363 5.075 0.314121 0
364 5.089 0.314987 0
365 5.103 0.315854 0
366 5.117 0.316721 0
367 5.131 0.317587 0
368 5.145 0.318454 0
369 5.159 0.31932 0
370 5.173 0.320187 0
371 5.187 0.321053 0
372 5.201 0.32192 0
373 5.215 0.322786 0
374 5.229 0.323653 0
375 5.243 0.324519 0
376 5.257 0.325386 0
377 5.271 0.326252 0
378 5.285 0.327119 0
379 5.299 0.327986 0
380 5.313 0.328852 0
381 5.327 0.329719 0
382 5.341 0.330585 0
383 5.355 0.331452 0
384 5.369 0.332318 0
385 5.383 0.333185 0
386 5.397 0.334051 0
387 5.411 0.334918 0
388 5.425 0.335784 0
389 5.439 0.336651 0
390 5.453 0.337517 0
391 5.467 0.338384 0
392 5.481 0.339251 0
393 5.495 0.340117 0
394 5.509 0.340984 0
395 5.523 0.34185 0
396 5.537 0.342717 0
397 5.551 0.343583 0
398 5.565 0.34445 0
399 5.579 0.345316 0
400 5.593 0.346183 0
401 5.607 0.347049 0
402 5.621 0.347916 0
403 5.635 0.348783 0
404 5.649 0.349649 0
405 5.663 0.350516 0
406 5.677 0.351382 0
407 5.691 0.352249 0
408 5.705 0.353115 0
409 5.719 0.353982 0
410 5.733 0.354848 0
411 5.747 0.355715 0
412 5.761 0.356581 0
413 5.775 0.357448 0
414 5.789 0.358314 0
415 5.803 0.359181 0
416 5.817 0.360048 0
417 5.831 0.360914 0
418 5.845 0.361781 0
419 5.859 0.362647 0
420 5.873 0.363514 0
421 5.887 0.36438 0
422 5.901 0.365247 0
423 5.915 0.366113 0
424 5.929 0.36698 0
425 5.943 0.367846 0
426 5.957 0.368713 0
427 5.971 0.369579 0
428 5.985 0.370446 0
429 5.999 0.371313 0
430 6.013 0.372179 0
431 6.027 0.373046 0
432 6.041 0.373912 0
433 6.055 0.374779 0
434 6.069 0.375645 0
435 6.083 0.376512 0
436 6.097 0.377378 0
437 6.111 0.378245 0
438 6.125 0.379111 0
439 6.139 0.379978 0
440 6.153 0.380845 0
441 6.167 0.381711 0
442 6.181 0.382578 0
443 6.195 0.383444 0
444 6.209 0.384311 0
445 6.223 0.385177 0
446 6.237 0.386044 0
447 6.251 0.38691 0
448 6.265 0.387777 0
449 6.279 0.388643 0
450 6.293 0.38951 0
451 6.307 0.390376 0
452 6.321 0.391243 0
453 6.335 0.39211 0
454 6.349 0.392976 0
455 6.363 0.393843 0
456 6.377 0.394709 0
457 6.391 0.395576 0
458 6.405 0.396442 0
459 6.419 0.397309 0
460 6.433 0.398175 0
461 6.447 0.399042 0
462 6.461 0.399908 0
463 6.475 0.400775 0
464 6.489 0.401641 0
465 6.503 0.402508 0
466 6.517 0.403375 0
467 6.531 0.404241 0
468 6.545 0.405108 0
469 6.559 0.405974 0
470 6.573 0.406841 0
471 6.587 0.407707 0
472 6.601 0.408574 0
473 6.615 0.40944 0
474 6.629 0.410307 0
475 6.643 0.411173 0
476 6.657 0.41204 0
477 6.671 0.412907 0
478 6.685 0.413773 0
479 6.699 0.41464 0
480 6.713 0.415506 0
481 6.727 0.416373 0
482 6.741 0.417239 0
483 6.755 0.418106 0
484 6.769 0.418972 0
485 6.783 0.419839 0
486 6.797 0.420705 0
487 6.811 0.421572 0
488 6.825 0.422438 0
489 6.839 0.423305 0
490 6.853 0.424172 0
491 6.867 0.425038 0
492 6.881 0.425905 0
493 6.895 0.426771 0
494 6.909 0.427638 0
495 6.923 0.428504 0
496 6.937 0.429371 0
497 6.951 0.430237 0
498 6.965 0.431104 0
499 6.979 0.43197 0
500 6.993 0.432837 0
