T/K	VIIprimeprime	VIIprime
1200	-35.00455070715197	-94.01990852355354
1205	-34.83196431901839	-92.94008944749612
1210	-34.656949281320955	-91.86049462712603
1215	-34.479529043566515	-90.78116984496826
1220	-34.29972686225828	-89.70216050671732
1225	-34.117565803275454	-88.62351164590923
1230	-33.9330687441988	-87.54526792843507
1235	-33.746258376611934	-86.4674736570664
1240	-33.55715720835672	-85.39017277582225
1245	-33.36578756576462	-84.31340887435383
1250	-33.172171595831955	-83.23722519217189
1255	-32.97633126838147	-82.16166462288432
1260	-32.77828837817283	-81.08676971830775
1265	-32.57806454699587	-80.01258269254186
1270	-32.37568122570806	-78.93914542597261
1275	-32.17115969626471	-77.86649946922887
1280	-31.964521073705246	-76.79468604703557
1285	-31.755786308106327	-75.72374606206023
1290	-31.544976186500527	-74.65372009864387
1295	-31.332111334786713	-73.58464842653514
1300	-31.117212219587422	-72.51657100449968
1305	-30.900299150087232	-71.44952748393814
1310	-30.68139227984596	-70.38355721240109
1315	-30.46051160857376	-69.3186992370833
1320	-30.237676983898865	-68.2549923082227
1325	-30.012908103078587	-67.19247488250748
1330	-29.78622451471369	-66.13118512637887
1335	-29.55764562042522	-65.07116091931343
1340	-29.327190676499466	-64.01243985704096
1345	-29.09487879551846	-62.95505925472679
1350	-28.86072894796115	-61.89905615009307
1355	-28.62475996378831	-60.84446730651641
1360	-28.386990533989735	-59.791329216043906
1365	-28.147439212116954	-58.73967810240292
1370	-27.906124415803713	-57.68954992394457
1375	-27.66306442824473	-56.640980376547624
1380	-27.418277399664895	-55.59400489648067
1385	-27.171781348764814	-54.54865866322726
1390	-26.923594164145218	-53.504976602266304
1395	-26.673733605709646	-52.46299338780738
1400	-26.422217306058485	-51.42274344551313
1405	-26.169062771829562	-50.38426095512306
1410	-25.914287385067006	-49.34757985313047
1415	-25.657908404538023	-48.312733835318014
1420	-25.399942967034853	-47.27975635934678
1425	-25.140408088669112	-46.24868064726059
1430	-24.879320666137904	-45.21953968795723
1435	-24.61669747798274	-44.19236623964464
1440	-24.352555185820812	-43.16719283225478
1445	-24.08691033555756	-42.144051769807845
1450	-23.81977935860243	-41.12297513276913
1455	-23.551178573030118	-40.10399478035091
1460	-23.281124184780023	-39.087142352813835
1465	-23.00963228877595	-38.072449273698496
1470	-22.73671887008952	-37.05994675203941
1475	-22.462399805041397	-36.04966578457388
1480	-22.186690862323598	-35.04163715788585
1485	-21.909607704072194	-34.035891450542834
1490	-21.631165886963718	-33.03245903519649
1495	-21.35138086326434	-32.031370080648955
1500	-21.0702679818727	-31.032654553907765
1505	-20.787842489367364	-30.036342222189425
1510	-20.50411953102561	-29.042462658142828
1515	-20.219114151811105	-28.051045229238383
1520	-19.932841297387554	-27.062119118149973
1525	-19.645315815093692	-26.075713312624583
1530	-19.356552454907007	-25.0918566103389
1535	-19.066565870394427	-24.11057762072852
1540	-18.775370619662947	-23.13190476686351
1545	-18.482981166286205	-22.15586628723551
1550	-18.18941188022182	-21.18249023756666
1555	-17.89467703871606	-20.211804492581816
1560	-17.598790827203633	-19.243836747735788
1565	-17.30176734018184	-18.278614520948132
1570	-17.003620582088143	-17.316165154305196
1575	-16.704364468160353	-16.356515815743922
1580	-16.404012825285747	-15.399693500703115
1585	-16.102579392833533	-14.445725033754732
1590	-15.800077823500382	-13.494637070239564
1595	-15.496521684103588	-12.546456097861984
1600	-15.191924456409675	-11.601208438234366
1605	-14.886299537921504	-10.65892024847949
1610	-14.579660242669133	-9.719617522737648
1615	-14.272019801981699	-8.783326093698141
1620	-13.963391365266675	-7.850071634083394
1625	-13.653788000757782	-6.919879658155281
1630	-13.343222696269843	-5.9927755231633295
1635	-13.031708359939733	-5.068784430776376
1640	-12.719257820948172	-4.1479314285424325
1645	-12.405883830255238	-3.2302414112652498
1650	-12.091599061308662	-2.3157391224218244
1655	-11.776416110737568	-1.404449155516964
1660	-11.460347499069156	-0.4963959554676904
1665	-11.143405671398652	0.40839618008126527
1670	-10.825602998076175	1.3099030994095844
1675	-10.506951775383412	2.2081007954220344
1680	-10.187464226182685	3.1029654043489567
1685	-9.867152500584496	3.994473204464808
1690	-9.54602867659186	4.8826006148414045
1695	-9.224104760743037	5.76732419405333
1700	-8.901392688733191	6.648620639000892
1705	-8.577904326057734	7.526466783656637
1710	-8.253651468610101	8.40083959785313
1715	-7.928645843303798	9.271716186108607
1720	-7.602899108676456	10.139073786459672
1725	-7.276422855481256	11.00288976924843
1730	-6.949228607279671	11.863141636024215
1735	-6.621327821020141	12.719807018390279
1740	-6.292731887618809	13.572863676864813
1745	-5.963452132526908	14.42228949978246
1750	-5.633499816290361	15.26806250218377
1755	-5.302886135109543	16.11016082476364
1760	-4.971622221392206	16.948562732740076
1765	-4.639719144290274	17.78324661484965
1770	-4.307187910239226	18.61419098225353
1775	-3.974039463493083	19.441374467535486
1780	-3.640284686650112	20.26477582365674
1785	-3.305934401166405	21.084373922937306
1790	-2.9709993678763738	21.90014775604955
1795	-2.6354902874934854	22.712076431070965
1800	-2.2994178011212907	23.520139172437045
1805	-1.9627924907457814	24.324315320018325
1810	-1.625624879721617	25.12458432814529
1815	-1.2879254332694852	25.920925764649645
1820	-0.9497045589465263	26.7133193099543
1825	-0.6109726071269285	27.501744756124328
1830	-0.27173987147010303	28.28618200593726
1835	0.06798341061516969	29.066611072016606
1840	0.40818705750654444	29.84301207589102
1845	0.7488609429268035	30.615365247129912
1850	1.0899949954695707	31.38365092246957
1855	1.431579198178068	32.14784954491695
1860	1.7736035880962462	32.90794166292049
1865	2.116058255828617	33.6639079295075
1870	2.4589333451115443	34.41572910142745
1875	2.8022190523942205	35.16338603836196
1880	3.145905626409068	35.90685970205208
1885	3.4899833677570613	36.64613115551302
1890	3.8344426284946116	37.381181562223496
1895	4.179273811724673	38.11199218532996
1900	4.52446737119935	38.83854438684124
1905	4.870013810904193	39.560819626882775
1910	5.215903684687214	40.2787994628836
1915	5.5621275958352205	40.992465548839704
1920	5.908676196721347	41.70179963455018
1925	6.255540188390954	42.406783564850876
1930	6.602710320203183	43.1073992789176
1935	6.95017738944645	43.803628809492196
1940	7.297932240968038	44.49545428216231
1945	7.6459657668086995	45.18285791466597
1950	7.994268905833048	45.86582201616349
1955	8.342832643377395	46.54432898653468
1960	8.69164801088915	47.218361315682024
1965	9.040706085565034	47.88790158285548
1970	9.389997990022088	48.55293245595776
1975	9.73951489193932	49.21343669086483
1980	10.089248003706038	49.8693971307733
1985	10.439188582103917	50.52079670552567
1990	10.789327927957773	51.167618430965796
1995	11.13965738580593	51.809845408280296
2000	11.490168343573592	52.447460823359116