# P[GPa] T[K] volume[A^3/molecule] PE[eV/molecule]
1000 1000 4.8165 0.00332335 -1.45856 0.0141661
100 1000 9.75267 0.00117474 -12.8845 0.00079767
105 1000 9.62881 0.000987433 -12.815 0.000642536
10 1000 19.0181 0.00787606 -14.2584 0.000666286
110 1000 9.51351 0.000669415 -12.7447 0.000510953
115 1000 9.40517 0.000456907 -12.677 0.000485333
120 1000 9.30499 0.000773758 -12.6106 0.000769546
125 1000 9.21148 0.000532516 -12.5458 0.000720679
130 1000 9.12239 0.000420327 -12.482 0.000640453
135 1000 9.04016 0.000286601 -12.4203 0.000645098
140 1000 8.96136 0.000314428 -12.3587 0.00032891
145 1000 8.8864 0.000462964 -12.2982 0.00050437
150 1000 8.81407 0.000527587 -12.2374 0.000514725
155 1000 8.74443 0.000623333 -12.176 0.000676428
15 1000 17.1215 0.0130339 -14.1775 0.000607737
160 1000 8.67795 0.000634466 -12.1157 0.000678279
165 1000 8.61535 0.000649113 -12.0564 0.000754523
170 1000 8.55331 0.000587025 -11.9961 0.000640312
175 1000 8.49542 0.000804726 -11.9389 0.000816029
180 1000 8.43636 0.000710701 -11.8781 0.000787364
185 1000 8.3782 0.000599495 -11.8163 0.00072004
190 1000 8.32586 0.000624217 -11.7589 0.000757251
195 1000 8.27212 0.000708075 -11.6978 0.000894012
200 1000 8.21858 0.000618671 -11.6361 0.000722476
205 1000 8.16716 0.000550673 -11.5755 0.000705835
20 1000 15.6681 0.00398497 -14.0954 0.000663693
210 1000 8.11618 0.000730142 -11.5134 0.000730746
215 1000 8.0671 0.000792723 -11.4518 0.000797729
220 1000 8.01816 0.000591316 -11.3882 0.00067577
225 1000 7.97139 0.000480181 -11.3257 0.000697541
230 1000 7.92375 0.000594422 -11.2617 0.000803565
235 1000 7.87825 0.000425946 -11.1985 0.000628682
240 1000 7.83189 0.000539222 -11.1333 0.000735892
245 1000 7.78747 0.000485088 -11.0686 0.00060802
250 1000 7.74097 0.000672426 -11.0008 0.000846633
255 1000 7.69795 0.000449254 -10.9361 0.000816422
25 1000 14.8331 0.0102336 -14.0208 0.00121573
260 1000 7.64849 0.00080993 -10.8615 0.000876195
265 1000 7.60792 0.000612144 -10.7975 0.000700481
270 1000 7.56544 0.00091648 -10.7295 0.000992733
275 1000 7.5192 0.00127691 -10.6561 0.00171718
280 1000 7.47612 0.000742864 -10.5846 0.000724162
285 1000 7.43676 0.00142351 -10.5176 0.00180924
290 1000 7.39467 0.000846813 -10.4461 0.00104839
295 1000 7.35237 0.000684059 -10.3734 0.000825673
300 1000 7.3166 0.000853222 -10.307 0.000979979
305 1000 7.27596 0.000598475 -10.2351 0.000759025
30 1000 13.7114 0.00872484 -13.9769 0.00098305
310 1000 7.24207 0.0012262 -10.171 0.00146898
315 1000 7.2076 0.000638119 -10.1025 0.000819347
320 1000 7.16876 0.0011002 -10.032 0.00125136
325 1000 7.13316 0.00022938 -9.96107 0.000830292
330 1000 7.102 0.000552101 -9.89722 0.000762775
335 1000 7.06828 0.000551028 -9.82882 0.000814668
340 1000 7.03799 0.000234318 -9.76259 0.000361789
345 1000 7.00455 0.000523587 -9.69535 0.000809655
350 1000 6.97248 0.000541969 -9.6271 0.000858309
35 1000 12.9237 0.00583812 -13.8841 0.000871056
360 1000 6.91024 0.000409082 -9.49318 0.000736375
370 1000 6.85021 0.000381058 -9.35913 0.000782273
380 1000 6.79158 0.000257998 -9.22616 0.000269668
390 1000 6.73532 0.000162727 -9.09364 0.000193294
400 1000 6.68133 0.000232781 -8.96292 0.00053117
40 1000 12.3607 0.00326121 -13.7891 0.000580702
410 1000 6.62889 0.000251365 -8.83363 0.000686634
420 1000 6.57806 0.000345821 -8.70378 0.000957218
430 1000 6.52843 0.000436225 -8.57439 0.00122619
440 1000 6.48037 0.000379382 -8.4456 0.00106994
450 1000 6.43379 0.000357629 -8.31935 0.000990831
500 1000 6.21694 0.000365172 -7.68712 0.00119248
50 1000 11.6179 0.00194586 -13.6239 0.000719294
550 1000 6.02331 0.000112276 -7.06258 0.000536225
5 1000 22.9438 0.0119901 -14.3322 0.000488394
600 1000 5.84786 0.00024557 -6.44298 0.000230962
60 1000 11.1104 0.00116773 -13.4759 0.000261292
650 1000 5.68826 8.55416e-05 -5.83159 0.000424204
700 1000 5.54253 nan -5.22704 nan
70 1000 10.7006 0.000588691 -13.3287 0.000342881
750 1000 5.40805 0.000129354 -4.62859 0.00104801
800 1000 5.28299 0.000186978 -4.03015 0.000261469
80 1000 10.3441 0.000731787 -13.1806 0.000507593
900 1000 5.05381 2.30673e-05 -2.8255 0.000792022
90 1000 10.0282 0.00100247 -13.0315 0.00059317
1000 100 4.812 4.82886e-05 -1.795 0.000193348
100 100 9.47457 0.000143049 -13.0789 0.00010224
105 100 9.36563 0.000182552 -13.0108 0.000126835
10 100 16.1256 0.00230241 -14.6047 0.000128542
110 100 9.26743 0.000219479 -12.9463 0.000148719
115 100 9.17518 0.000264506 -12.8827 0.000179944
120 100 9.09005 0.000333244 -12.8212 0.000253321
125 100 9.01034 0.00039095 -12.7611 0.000314454
130 100 8.93397 0.000299061 -12.7011 0.000244772
135 100 8.86335 0.000200382 -12.6434 0.000174127
140 100 8.79514 0.000240937 -12.5856 0.000207046
145 100 8.72952 0.000214127 -12.5278 0.000189659
150 100 8.66472 0.000330811 -12.4687 0.000305336
155 100 8.6048 0.000335935 -12.4121 0.000324199
15 100 13.8538 0.0044535 -14.4293 0.00139638
160 100 8.51763 0.00207102 -12.3264 0.00205055
165 100 8.45109 0.000244628 -12.2599 0.00025806
170 100 8.3937 0.000413693 -12.2006 0.000443686
175 100 8.34133 0.000176266 -12.1447 0.000187199
180 100 8.29223 0.00028293 -12.0909 0.000317213
185 100 8.2427 0.000191277 -12.035 0.000208285
190 100 8.19481 0.000154914 -11.9793 0.000183501
195 100 8.14833 0.000126859 -11.9241 0.000158612
200 100 8.10323 0.000130758 -11.8687 0.000136118
205 100 8.05946 0.000139534 -11.8137 0.000187105
20 100 13.324 0.00108044 -14.3768 0.000120907
210 100 8.01809 0.000119764 -11.7605 0.000154052
215 100 7.97587 1.35167e-05 -11.7049 4.95469e-05
220 100 7.93318 0.00013949 -11.6473 0.000204551
225 100 7.89001 0.000191695 -11.5876 0.000280255
230 100 7.84542 0.000285342 -11.524 0.000441464
235 100 7.80379 0.000767327 -11.4636 0.00119713
240 100 7.76495 0.00188966 -11.4062 0.00293036
245 100 7.67878 0.000463263 -11.2753 0.000723645
250 100 7.63707 0.000677982 -11.2114 0.00106203
255 100 7.59262 0.000351583 -11.1417 0.000571751
25 100 12.8825 0.00521995 -14.3128 0.00173886
260 100 7.55297 0.000390594 -11.0785 0.00063756
265 100 7.514 0.000600253 -11.0152 0.000976924
270 100 7.47676 0.000663877 -10.9535 0.00111193
275 100 7.43581 0.00060581 -10.8845 0.00103617
280 100 7.39453 0.000619707 -10.8136 0.00108152
285 100 7.35611 0.000206323 -10.7463 0.000375594
290 100 7.32127 0.000323084 -10.6842 0.000593382
295 100 7.28269 0.000494961 -10.6143 0.000913281
300 100 7.24732 0.000490386 -10.5492 0.000910678
305 100 7.21194 0.000401529 -10.4829 0.000754546
30 100 12.5384 0.0032684 -14.2565 0.0012404
310 100 7.17816 0.000310973 -10.4186 0.000592807
315 100 7.14137 0.00037657 -10.3475 0.00074209
320 100 7.11316 0.000298909 -10.2855 0.000591582
325 100 7.07717 0.000247804 -10.2136 0.000508627
330 100 7.04502 0.00019635 -10.1482 0.000401413
335 100 7.01251 0.000199447 -10.0811 0.000425822
340 100 6.9813 0.000124708 -10.0157 0.000265729
345 100 6.95055 0.000165596 -9.95025 0.000355973
350 100 6.91999 0.000182007 -9.88425 0.000393212
35 100 12.2509 0.000976345 -14.2008 0.000385169
360 100 6.86126 0.000105537 -9.75469 0.000244716
370 100 6.80535 0.000132807 -9.62788 0.000309639
380 100 6.7506 0.000126002 -9.50019 0.000305525
390 100 6.69788 0.000145001 -9.37387 0.000351642
400 100 6.64691 9.50253e-05 -9.24863 0.000234547
40 100 11.9941 0.000361429 -14.1412 8.97958e-05
410 100 6.59662 0.000103686 -9.12183 0.000264521
420 100 6.54787 6.79758e-05 -8.99581 0.000193636
430 100 6.50054 6.3443e-05 -8.87046 0.000163054
440 100 6.45438 6.71189e-05 -8.7452 0.000198685
450 100 6.40892 7.53133e-05 -8.61908 0.000206226
500 100 6.1925 6.48893e-05 -7.97852 0.000197355
50 100 11.5296 0.000326951 -14.0105 0.00010656
550 100 5.99412 0.000108191 -7.3299 0.000383418
5 100 17.5446 0.00510235 -14.6632 0.000569244
600 100 5.81679 6.4015e-05 -6.69517 0.000238476
60 100 11.0926 0.000299201 -13.8586 0.00011987
650 100 5.66001 5.74626e-05 -6.08457 0.000250084
700 100 5.51772 0.000103755 -5.48536 0.000453261
70 100 10.5994 0.000456307 -13.6543 0.000223182
750 100 5.37325 0.000585985 -4.83261 0.00263863
800 100 5.24278 0.000252174 -4.20558 0.00104723
80 100 10.1121 0.000257784 -13.4253 0.000139306
900 100 5.01379 3.83209e-05 -2.99399 0.000147343
90 100 9.73829 0.000159115 -13.2311 8.97277e-05
1000 1100 4.84086 0.0015264 -1.52464 0.015618
100 1100 9.78091 0.000891291 -12.8579 0.000657864
10 1100 19.2885 0.010062 -14.2261 0.000675387
110 1100 9.53827 0.00107913 -12.7175 0.000756978
125 1100 9.23392 0.000336737 -12.5198 0.00046789
150 1100 8.83194 0.000894515 -12.2106 0.0008453
15 1100 17.303 0.0105907 -14.1436 0.000759937
175 1100 8.50901 0.000694405 -11.9113 0.00082605
200 1100 8.23119 0.000808415 -11.6094 0.00090885
20 1100 15.9899 0.0282238 -14.0626 0.000778571
225 1100 7.98174 0.000758382 -11.2977 0.00100974
250 1100 7.75151 0.000643863 -10.9738 0.00102423
25 1100 14.965 0.00358622 -13.98 0.000905317
300 1100 7.32326 0.000833301 -10.2785 0.00117986
30 1100 14.1785 0.0115099 -13.9056 0.00136517
350 1100 6.97861 0.000140739 -9.59877 0.00022954
35 1100 13.1645 0.0069055 -13.8459 0.000896142
400 1100 6.68603 0.000447301 -8.93285 0.000882946
40 1100 12.4662 0.00301899 -13.7551 0.000898037
450 1100 6.43726 0.000219511 -8.28834 0.000787329
500 1100 6.22021 0.000293111 -7.65668 0.000956243
50 1100 11.6679 0.00129985 -13.5917 0.000414198
550 1100 6.02632 0.000385316 -7.0321 0.00141802
5 1100 23.3674 0.0174306 -14.3007 0.000668391
600 1100 5.85114 0.000240577 -6.41459 0.00090455
60 1100 11.1501 0.00182718 -13.4411 0.000831792
650 1100 5.69148 0.000204379 -5.80295 0.000899333
700 1100 5.54528 0.000133272 -5.19673 0.000722517
70 1100 10.7296 0.00128527 -13.2977 0.000875715
750 1100 5.41082 5.44191e-05 -4.59758 0.00032222
800 1100 5.28524 4.65559e-05 -3.99746 0.00106853
80 1100 10.3727 0.000911 -13.1495 0.00074231
900 1100 5.05453 0.000165649 -2.77956 0.00184855
90 1100 10.0577 0.000607263 -13.0033 0.000389542
1000 1200 4.84247 0.000305167 -1.48123 0.00284111
100 1200 9.8087 0.000690669 -12.8301 0.00047037
105 1200 9.68251 0.000946056 -12.7612 0.000656041
110 1200 9.56585 0.00104148 -12.6935 0.000785904
115 1200 9.45665 0.00121766 -12.6253 0.000931217
120 1200 9.35354 0.000867598 -12.5593 0.000729447
125 1200 9.25669 0.000904075 -12.4935 0.000780026
130 1200 9.16585 0.000659569 -12.4301 0.000581771
135 1200 9.08103 0.000266312 -12.3678 0.000486437
140 1200 8.99962 0.00033921 -12.3054 0.000313854
145 1200 8.92277 0.000764729 -12.2449 0.000788809
150 1200 8.84983 0.000632951 -12.1837 0.000920627
155 1200 8.778 0.00076823 -12.1231 0.000729477
160 1200 8.71236 0.000434361 -12.0634 0.000857529
165 1200 8.64577 0.000878903 -12.0027 0.000883852
170 1200 8.58321 0.000759878 -11.9433 0.00020499
175 1200 8.52278 0.000627816 -11.8825 0.000409413
180 1200 8.4635 0.000405287 -11.8236 0.000108874
185 1200 8.40527 0.000165562 -11.7625 0.000351841
190 1200 8.35047 0.000724365 -11.7026 0.000326854
195 1200 8.29665 0.000182404 -11.6426 0.000380923
200 1200 8.24355 0.000435215 -11.5819 0.00052523
205 1200 8.19143 0.000391519 -11.5202 0.000549344
20 1200 16.0399 0.0267636 -14.0257 0.000646032
210 1200 8.14009 0.000422172 -11.4571 0.000489255
215 1200 8.08927 0.000420547 -11.3963 0.000655547
220 1200 8.04036 0.000539248 -11.3328 0.000727627
225 1200 7.99166 0.000525383 -11.2696 0.000699945
230 1200 7.94439 0.000467836 -11.2062 0.000744706
235 1200 7.8977 0.000562804 -11.1416 0.000941159
240 1200 7.85059 0.000482132 -11.0759 0.000799035
245 1200 7.80501 0.000473134 -11.0106 0.000649079
250 1200 7.76037 0.000464862 -10.9451 0.000789861
255 1200 7.71588 0.000769935 -10.8774 0.00107144
260 1200 7.67231 0.000567195 -10.812 0.000841089
265 1200 7.62855 0.000682993 -10.7438 0.00104374
270 1200 7.58388 0.000848112 -10.6734 0.00109243
275 1200 7.54238 0.000912019 -10.6048 0.00115294
280 1200 7.49542 0.00116479 -10.5312 0.00144653
285 1200 7.45613 0.0010936 -10.4642 0.00142153
290 1200 7.41089 0.000851374 -10.3903 0.00122715
295 1200 7.37096 0.000696388 -10.3193 0.00114455
300 1200 7.33231 0.000891079 -10.2524 0.00136402
305 1200 7.29369 0.000968224 -10.1818 0.00142866
30 1200 14.3638 0.00391663 -13.8594 0.000881735
310 1200 7.2552 0.00107735 -10.1109 0.00150019
315 1200 7.22026 0.000967603 -10.0434 0.00130272
320 1200 7.18202 0.000759404 -9.97297 0.00135514
325 1200 7.14745 0.00087245 -9.90525 0.00136076
330 1200 7.11463 0.000472572 -9.83725 0.000907092
335 1200 7.0823 0.00058645 -9.7734 0.000999316
340 1200 7.04896 0.000774379 -9.70335 0.00138553
345 1200 7.01751 0.000721173 -9.63737 0.00157068
350 1200 6.98351 0.000749433 -9.56752 0.00124782
360 1200 6.92284 0.000533624 -9.43497 0.00118465
370 1200 6.86109 0.000456443 -9.30061 0.00116186
380 1200 6.80155 0.000335316 -9.16551 0.000767563
390 1200 6.74526 0.00052183 -9.03319 0.000488383
400 1200 6.69021 0.000480103 -8.90168 0.000959862
40 1200 12.6443 0.00654371 -13.7166 0.00107881
410 1200 6.63761 0.00047892 -8.77207 0.000955806
420 1200 6.5864 0.000442924 -8.6416 0.000962684
430 1200 6.5361 0.000591062 -8.51188 0.00112463
440 1200 6.48786 0.000414079 -8.38359 0.000941402
450 1200 6.44103 0.000329989 -8.25638 0.000888539
500 1200 6.22313 0.000185136 -7.62493 0.000874937
50 1200 11.7227 0.00208465 -13.556 0.000541431
550 1200 6.02907 0.00012718 -6.99956 0.000571204
600 1200 5.85397 0.000340341 -6.38309 0.00132748
60 1200 11.1857 0.00212121 -13.4087 0.000230547
650 1200 5.6945 0.000313982 -5.77145 0.0014106
700 1200 5.54783 0.000302305 -5.16339 0.00150327
70 1200 10.7654 0.00133655 -13.2634 0.000735373
750 1200 5.41289 0.000226378 -4.56048 0.0013059
800 1200 5.28606 0.000297952 -3.95032 0.0019035
80 1200 10.4007 0.00143284 -13.1205 0.000964272
900 1200 5.05275 0.000384262 -2.70717 0.00319876
90 1200 10.0844 0.000729582 -12.974 0.000239576
100 1250 9.82137 0.000755206 -12.8173 0.00108872
10 1250 19.6056 0.0115278 -14.1766 0.000859436
125 1250 9.26877 0.000956422 -12.4809 0.000737064
150 1250 8.85742 0.000739945 -12.1697 0.000901465
15 1250 17.547 0.00490408 -14.0924 0.000515294
200 1250 8.2491 0.000581227 -11.5667 5.51095e-05
20 1250 16.225 0.0219499 -14.0076 0.000754184
25 1250 15.0935 0.00359305 -13.9285 0.000726361
300 1250 7.33687 0.000840593 -10.2388 0.00126437
30 1250 14.4118 0.00426281 -13.841 0.00103729
35 1250 13.7801 0.00776993 -13.7501 0.00108886
400 1250 6.69326 0.000332258 -8.88801 0.000930786
40 1250 12.743 0.00724685 -13.695 0.0011878
500 1250 6.22468 0.000377951 -7.6071 0.00104115
50 1250 11.7768 0.00202077 -13.5345 0.000869448
5 1250 24.0259 0.016395 -14.2569 0.000557934
600 1250 5.85537 0.000166683 -6.36692 0.000578925
700 1250 5.54887 0.000345087 -5.14457 0.00178048
70 1250 10.7815 0.00160852 -13.2493 0.000376538
800 1250 5.28612 0.000400013 -3.92395 0.00318467
100 125 9.48733 0.00019046 -13.0772 0.000120826
150 125 8.66774 0.000351656 -12.4615 0.000327101
200 125 8.10717 0.000291433 -11.8637 0.000379988
300 125 7.24993 0.000534848 -10.5442 0.000976709
400 125 6.64777 0.000106236 -9.24069 0.000286639
500 125 6.19349 9.39409e-05 -7.97159 0.000290182
1000 1300 4.84058 0.000355129 -1.3973 0.00345067
100 1300 9.8334 0.000813297 -12.8032 0.000928005
10 1300 19.741 0.0117552 -14.1621 0.00098235
110 1300 9.59066 0.000616803 -12.6653 0.000598991
125 1300 9.2796 0.000967547 -12.4671 0.000744775
150 1300 8.86807 0.000410901 -12.1575 0.000429378
15 1300 17.6092 0.00567414 -14.0756 0.000791634
175 1300 8.53775 0.000278241 -11.8565 0.000980775
200 1300 8.25644 0.000731809 -11.5544 0.000976944
20 1300 16.3281 0.0112185 -13.9903 0.000767106
225 1300 8.00225 0.000692889 -11.2418 0.001194
250 1300 7.76944 0.000289818 -10.9161 0.00106298
25 1300 15.1348 0.00462189 -13.91 0.000746113
300 1300 7.34042 0.000727666 -10.2235 0.00103693
30 1300 14.4347 0.00389887 -13.8234 0.000860859
350 1300 6.98829 0.000867152 -9.53752 0.00148339
35 1300 13.8339 0.00456695 -13.7306 0.000961822
400 1300 6.69557 0.000480033 -8.87294 0.00126394
40 1300 12.9423 0.0127773 -13.6651 0.00152291
450 1300 6.44486 0.000531637 -8.22442 0.00119635
500 1300 6.22623 0.000338657 -7.59164 0.00102861
50 1300 11.8147 0.00305708 -13.5166 0.000839091
550 1300 6.03215 0.000399812 -6.96828 0.00121705
5 1300 24.2444 0.0133731 -14.2427 0.000570307
600 1300 5.85685 0.000210802 -6.35085 0.00105061
60 1300 11.2293 0.00139467 -13.3743 0.000557722
650 1300 5.69675 0.00011915 -5.73543 0.000620339
700 1300 5.5501 0.000190764 -5.12694 0.00105096
70 1300 10.796 0.00176611 -13.2322 0.000892134
750 1300 5.41396 0.000244935 -4.51566 0.00176723
800 1300 5.28632 0.000390575 -3.89644 0.0028042
80 1300 10.4328 0.00153475 -13.0886 0.000935666
900 1300 5.04761 0.000725781 -2.61897 0.00840519
90 1300 10.1136 0.00115699 -12.9466 0.000900161
100 1375 9.85749 0.00109517 -12.784 0.000981122
125 1375 9.29631 0.000941503 -12.4479 0.000862226
150 1375 8.88109 0.00063838 -12.1361 0.00071281
200 1375 8.26437 0.000183577 -11.5329 0.00106381
20 1375 16.4196 0.00655329 -13.9661 0.000701905
300 1375 7.35307 0.000816225 -10.2099 0.00075968
30 1375 14.4871 0.00378649 -13.7984 0.000916753
400 1375 6.69938 0.000463585 -8.84932 0.00117914
500 1375 6.2284 0.000481976 -7.56695 0.0012767
50 1375 11.8927 0.00466202 -13.4853 0.00114875
600 1375 5.85852 0.000382206 -6.32219 0.00130406
700 1375 5.55092 9.72778e-05 -5.09161 0.00124795
70 1375 10.829 0.00189675 -13.2063 0.000308134
800 1375 5.28386 0.000371494 -3.82963 0.00351214
1000 1400 4.84209 0.000252624 -1.28357 0.0027381
100 1400 9.86305 0.00119152 -12.7771 0.000971267
110 1400 9.61574 0.000900356 -12.6389 0.00106162
125 1400 9.30498 0.0010125 -12.4426 0.000845689
150 1400 8.88683 0.000989674 -12.1306 0.00102869
175 1400 8.55238 0.000233989 -11.8298 0.000379422
200 1400 8.26787 0.000450279 -11.5261 0.00126304
20 1400 16.4463 0.00568336 -13.9564 0.000721813
225 1400 8.01332 0.000815639 -11.2128 0.0011464
250 1400 7.77936 0.000893664 -10.8878 0.00140706
300 1400 7.35041 0.00094179 -10.197 0.000767155
30 1400 14.5149 0.00292528 -13.791 0.000998289
350 1400 6.99478 0.0005355 -9.50846 0.000942312
400 1400 6.6999 0.000553935 -8.84144 0.00140427
40 1400 13.3518 0.00460125 -13.5964 0.000937136
450 1400 6.44807 0.000366624 -8.19268 0.00106274
500 1400 6.22958 0.000196709 -7.55874 0.00069091
50 1400 11.921 0.00494975 -13.4733 0.000991325
550 1400 6.03458 0.000434583 -6.93181 0.00131368
600 1400 5.85938 0.000429628 -6.31536 0.00137167
60 1400 11.2891 0.0015737 -13.3352 0.000911911
650 1400 5.69866 0.000314911 -5.69575 0.00133541
700 1400 5.55126 0.000319648 -5.07942 0.00173564
70 1400 10.8382 0.00153414 -13.1981 0.000485482
750 1400 5.4131 0.000274322 -4.45035 0.00284085
800 1400 5.28287 0.000436222 -3.80508 0.0044072
80 1400 10.4685 0.00190375 -13.0583 0.00104147
900 1400 5.04551 0.000314021 -2.54904 0.00359794
90 1400 10.1438 0.00157537 -12.9167 0.00106133
1000 1500 4.84104 3.73245e-05 -1.20283 0.00180559
100 1500 9.89162 0.00142261 -12.7471 0.00106611
105 1500 9.76474 0.00142324 -12.6797 0.00122525
110 1500 9.64267 0.00105621 -12.6118 0.000952027
115 1500 9.53092 0.000846243 -12.5435 4.22846e-05
120 1500 9.4258 0.000847449 -12.4805 0.00108962
125 1500 9.32542 0.000677105 -12.4149 0.000434386
130 1500 9.23202 0.000891424 -12.3518 0.000839317
135 1500 9.14453 0.000758517 -12.2891 0.000761
140 1500 9.05973 0.00104394 -12.227 0.000914401
145 1500 8.97969 0.00102091 -12.1642 0.0010456
150 1500 8.90508 0.00107666 -12.105 0.00103647
155 1500 8.83148 0.000964345 -12.0434 0.000941934
160 1500 8.76204 0.00076609 -11.9837 0.000828052
165 1500 8.69538 0.000772765 -11.9231 0.000801483
170 1500 8.63019 0.000612969 -11.863 0.000834315
175 1500 8.56717 0.000556549 -11.8013 0.000646196
180 1500 8.50725 0.000550795 -11.742 0.00063125
185 1500 8.44844 0.00101623 -11.6811 0.000503991
190 1500 8.39002 0.000288189 -11.6201 0.000469584
195 1500 8.33475 0.000356452 -11.5587 0.000529872
200 1500 8.28038 0.00103523 -11.4987 0.000197753
205 1500 8.22651 0.000488219 -11.4365 0.00112065
20 1500 16.5703 0.00575449 -13.9238 0.000695084
210 1500 8.1738 0.00057444 -11.3735 0.000247777
215 1500 8.12246 0.000944373 -11.3124 0.00125319
220 1500 8.07278 0.000263244 -11.2486 0.00105983
225 1500 8.02327 0.000644553 -11.1855 0.00118667
230 1500 7.97572 0.000594942 -11.1201 0.00119496
235 1500 7.92731 0.000537074 -11.0563 0.001343
240 1500 7.88079 0.000336077 -10.9912 0.00126834
245 1500 7.83331 0.000626792 -10.925 0.00136468
250 1500 7.78836 0.000560462 -10.8594 0.00112491
255 1500 7.74337 0.000529622 -10.7934 0.00121333
260 1500 7.69901 0.000514169 -10.7256 0.00130085
265 1500 7.65452 0.000716642 -10.6572 0.00143637
270 1500 7.61159 0.000455126 -10.5892 0.0013427
275 1500 7.56919 0.000615333 -10.5208 0.00134546
280 1500 7.52789 0.00039986 -10.4532 0.00121848
285 1500 7.48593 0.000774758 -10.3811 0.00121139
290 1500 7.44499 0.000798366 -10.313 0.00159942
295 1500 7.40504 0.000322419 -10.2448 0.00125646
300 1500 7.36216 0.000915015 -10.1724 0.000883093
305 1500 7.32604 0.00053451 -10.1045 0.00130049
30 1500 14.5823 0.0031698 -13.7545 0.000942049
310 1500 7.28568 0.00120323 -10.0336 0.00119369
315 1500 7.24414 0.000498369 -9.9601 0.00147925
320 1500 7.21245 0.000498574 -9.89697 0.00147907
325 1500 7.16827 0.000567476 -9.8177 0.00146087
330 1500 7.1338 0.000674523 -9.75014 0.000764616
335 1500 7.10869 0.000988483 -9.69205 0.000888436
340 1500 7.06825 0.000318826 -9.61614 0.00150518
345 1500 7.03062 0.000641543 -9.54232 0.000353242
350 1500 7.00161 0.000375728 -9.47904 0.000419899
360 1500 6.9356 0.000630973 -9.33865 0.000533709
370 1500 6.87929 0.000435601 -9.21348 0.000790703
380 1500 6.81698 0.000483746 -9.07296 0.000689191
390 1500 6.76092 0.000313785 -8.94276 0.000760763
400 1500 6.70479 0.000381418 -8.81052 0.001099
40 1500 13.4179 0.002443 -13.561 0.000725577
410 1500 6.65166 0.000315664 -8.67786 0.00103907
420 1500 6.59918 0.000414859 -8.54752 0.00119474
430 1500 6.54901 0.000532785 -8.41794 0.00145716
440 1500 6.49943 0.000494974 -8.2883 0.00147213
450 1500 6.45196 0.000526051 -8.15925 0.00159419
500 1500 6.23193 0.000485548 -7.52191 0.00162844
50 1500 12.1304 0.00710834 -13.4161 0.00166517
550 1500 6.03754 0.000259685 -6.89795 0.00126452
600 1500 5.86091 0.000112583 -6.27241 0.00129474
60 1500 11.3636 0.00305448 -13.2913 0.00101546
650 1500 5.69939 0.000175937 -5.64415 0.00199132
700 1500 5.54964 0.000418614 -5.00787 0.00183258
70 1500 10.8895 0.00155338 -13.1591 0.000732683
750 1500 5.4097 0.000420736 -4.3565 0.0043422
800 1500 5.27595 0.000427065 -3.676 0.00457847
80 1500 10.5066 0.00125024 -13.0238 0.000781809
900 1500 5.043 0.000262906 -2.45018 0.00435424
90 1500 10.1792 0.00151092 -12.8854 0.000947497
100 150 9.49888 0.000210857 -13.0746 0.000124603
150 150 8.67166 0.000386823 -12.455 0.000340535
200 150 8.11065 0.000241765 -11.8584 0.000280868
300 150 7.25106 0.000590402 -10.5365 0.00107343
400 150 6.6484 0.000150589 -9.23214 0.000362456
500 150 6.19406 7.28749e-05 -7.96315 0.000257163
600 150 5.81778 5.98089e-05 -6.67858 0.000227613
1000 1600 4.83678 0.000372495 -1.13601 0.00229106
100 1600 9.92762 0.00155916 -12.7172 0.00118107
110 1600 9.67207 0.00119641 -12.5831 0.000989061
125 1600 9.352 0.0011147 -12.3881 0.00128154
150 1600 8.92251 0.000907534 -12.0765 0.000950365
175 1600 8.58103 0.000914736 -11.7742 0.000978956
200 1600 8.29243 0.000690752 -11.469 0.00094489
20 1600 16.6549 0.00463671 -13.8912 0.000901475
225 1600 8.03463 0.000542603 -11.1558 0.000880427
250 1600 7.79714 0.000297857 -10.8292 0.000653901
300 1600 7.37405 0.000119034 -10.1465 0.000161175
30 1600 14.6936 0.00801223 -13.7207 0.00105205
350 1600 7.00238 0.000426825 -9.43829 0.00102636
400 1600 6.71004 0.000587005 -8.77906 0.00150834
40 1600 13.4535 0.00452126 -13.525 0.000887328
450 1600 6.45515 0.000336634 -8.12362 0.00117981
500 1600 6.2342 0.00039794 -7.48067 0.0018308
50 1600 12.5315 0.00418174 -13.3257 0.00133259
550 1600 6.03861 0.000490226 -6.85086 0.00240625
600 1600 5.86195 0.000422757 -6.22215 0.00256826
60 1600 11.4556 0.00427982 -13.244 0.00158991
650 1600 5.69761 0.000387428 -5.56828 0.0032561
700 1600 5.54537 0.000635383 -4.90637 0.00609602
70 1600 10.9405 0.00220477 -13.1188 0.00103446
750 1600 5.39658 0.00100364 -4.18678 0.0103281
800 1600 5.26881 0.000161784 -3.57426 0.0051104
80 1600 10.5465 0.00121633 -12.9883 0.000712539
900 1600 5.04118 0.000408999 -2.35214 0.00296704
90 1600 10.2141 0.000931622 -12.8524 0.000740781
100 1625 9.93383 0.00148323 -12.709 0.00107142
125 1625 9.35546 0.00087181 -12.3825 0.000243337
150 1625 8.9266 0.000938383 -12.0692 0.000966464
200 1625 8.29506 0.000629479 -11.4608 0.00102033
20 1625 16.69 0.00425722 -13.8802 0.000850487
300 1625 7.37756 0.000799906 -10.1399 0.00151667
30 1625 14.6791 0.00700961 -13.7125 0.000993863
400 1625 6.70375 0.000503644 -8.75231 0.000569784
500 1625 6.23494 0.000497914 -7.47218 0.00211932
50 1625 12.5616 0.00254598 -13.3175 0.00097433
600 1625 5.86131 0.000468827 -6.20246 0.00317127
700 1625 5.54515 0.000397862 -4.88875 0.00391808
70 1625 10.9615 0.00249502 -13.1067 0.00114867
800 1625 5.26863 0.000272633 -3.5564 0.00483908
1000 1700 4.84419 0.000387817 -1.10117 0.00186229
100 1700 9.96033 0.00155602 -12.6837 0.000468737
105 1700 9.83108 0.00191367 -12.6165 0.000431328
110 1700 9.70397 0.00150272 -12.55 0.0012419
115 1700 9.5869 0.00162429 -12.4885 0.00132526
120 1700 9.47834 0.00136423 -12.4231 0.00128427
125 1700 9.37804 0.00123055 -12.3581 0.00131259
130 1700 9.27906 0.00102593 -12.2942 0.00115332
135 1700 9.18938 0.000886547 -12.2295 7.59013e-05
140 1700 9.10411 0.000446528 -12.1692 0.000614898
145 1700 9.02193 0.000472089 -12.1072 0.00100846
150 1700 8.94112 0.000636328 -12.0485 0.000700529
155 1700 8.86896 0.00086081 -11.9879 0.0010442
160 1700 8.79547 0.000890477 -11.927 0.000848614
165 1700 8.72803 0.000873121 -11.8658 0.000999693
170 1700 8.66212 0.00111123 -11.8053 0.00122521
175 1700 8.59818 0.00112557 -11.7429 0.00132629
180 1700 8.53583 0.00104067 -11.6855 0.00126817
185 1700 8.47551 0.00104532 -11.6246 0.00124977
190 1700 8.41811 0.000906216 -11.5639 0.00112546
195 1700 8.36046 0.000765674 -11.5024 0.000975776
200 1700 8.30484 0.000918734 -11.4402 0.00113922
205 1700 8.25083 0.000976985 -11.3798 0.00133272
20 1700 16.7679 0.00631734 -13.8576 0.000879168
210 1700 8.19813 0.000982392 -11.3165 0.00124055
215 1700 8.14529 0.00103565 -11.2524 0.00145044
220 1700 8.0947 0.00102622 -11.1903 0.0014893
225 1700 8.04449 0.000720007 -11.1268 0.00110549
230 1700 7.99492 0.000787935 -11.0615 0.00127312
235 1700 7.94707 0.00082889 -10.9953 0.00120581
240 1700 7.89967 0.000587277 -10.9319 0.00111985
245 1700 7.85221 0.00084069 -10.8657 0.00137694
250 1700 7.80695 0.000685865 -10.7998 0.00111076
255 1700 7.76136 0.000825466 -10.7334 0.00141523
260 1700 7.71673 0.000787738 -10.6649 0.00127078
265 1700 7.67179 0.000628158 -10.5978 0.00119622
270 1700 7.62847 0.000593573 -10.5296 0.00110596
275 1700 7.58609 0.000717216 -10.4624 0.0013272
280 1700 7.54435 0.000563125 -10.3921 0.00103685
285 1700 7.50323 0.000719473 -10.3241 0.00130472
290 1700 7.4617 0.000644 -10.2551 0.00117527
295 1700 7.42189 0.000561508 -10.1868 0.00114572
300 1700 7.38288 0.000623945 -10.1158 0.00144929
305 1700 7.34386 0.00050485 -10.0477 0.00093083
30 1700 14.9592 0.0173132 -13.6772 0.00116534
310 1700 7.30554 0.000543482 -9.97852 0.00105218
315 1700 7.26775 0.000230123 -9.90753 0.000392374
320 1700 7.23142 0.000355455 -9.8407 0.000879422
325 1700 7.19484 0.000323972 -9.77142 0.000623026
330 1700 7.15301 0.00135583 -9.69607 0.00101319
335 1700 7.11466 0.00111539 -9.6218 0.00161299
340 1700 7.07547 0.000507635 -9.54536 0.00121802
345 1700 7.043 0.000741162 -9.47821 0.00135409
350 1700 7.01333 0.0010983 -9.41563 0.00141188
360 1700 6.94704 0.000743454 -9.27509 0.000715087
370 1700 6.88702 0.00118055 -9.14306 0.00176645
380 1700 6.82731 0.000163837 -9.00812 0.00159334
390 1700 6.77117 0.000145595 -8.88019 0.00181445
400 1700 6.71441 0.000246079 -8.74011 0.0017274
40 1700 13.5242 0.00303343 -13.4941 0.0011334
410 1700 6.66049 0.000693867 -8.61144 0.00189807
420 1700 6.60758 0.00056489 -8.47974 0.00176125
430 1700 6.55665 0.000610978 -8.34925 0.00168219
440 1700 6.50725 0.000566166 -8.21816 0.00164209
450 1700 6.45888 0.000599732 -8.08704 0.000435049
500 1700 6.23638 0.000296332 -7.43652 0.00155002
50 1700 12.6048 0.00242554 -13.2934 0.000901252
550 1700 6.03937 0.000504595 -6.79734 0.00277186
600 1700 5.86021 0.000520277 -6.14535 0.00320407
60 1700 11.6345 0.010441 -13.1705 0.00290519
650 1700 5.69366 0.000504623 -5.47047 0.00441705
700 1700 5.53436 0.000878861 -4.73087 0.00874473
70 1700 11.0092 0.00327272 -13.0712 0.00156338
750 1700 5.39247 0.000447361 -4.09381 0.00602833
800 1700 5.2676 0.000329143 -3.47953 0.00444243
80 1700 10.6003 0.00199925 -12.9454 0.00110776
900 1700 5.04005 4.25204e-05 -2.25397 0.00278947
90 1700 10.2535 0.00186673 -12.818 0.0012402
100 1750 9.97901 0.000909466 -12.6663 0.000562
125 1750 9.38952 0.00136443 -12.3438 0.00124245
150 1750 8.95264 0.000576625 -12.0349 0.000575846
200 1750 8.31068 0.00100982 -11.4246 0.00129739
20 1750 16.7957 0.00615142 -13.8404 0.000935189
300 1750 7.38603 0.000711605 -10.1011 0.00135239
30 1750 15.0021 0.0172889 -13.6587 0.0013278
400 1750 6.71737 0.000691998 -8.72289 0.00178831
500 1750 6.23718 0.00021605 -7.41415 0.00212085
50 1750 12.6229 0.00401388 -13.2765 0.00126897
600 1750 5.85819 0.000629483 -6.0964 0.00408179
700 1750 5.52565 0.000431752 -4.65693 0.00473874
70 1750 11.064 0.00355642 -13.0388 0.00194569
800 1750 5.26665 0.000374053 -3.41799 0.00432716
100 175 9.51028 0.000240239 -13.072 0.000144547
150 175 8.67508 0.000465974 -12.448 0.000432889
200 175 8.11533 0.000226094 -11.8541 0.000264205
300 175 7.25463 0.000780513 -10.5331 0.00144814
400 175 6.64945 0.000145831 -9.22481 0.000372104
500 175 6.19436 7.23194e-05 -7.95385 0.00021075
1000 1800 4.84625 0.000191193 -1.05568 0.00154495
100 1800 9.99971 0.00129197 -12.6466 0.000984351
110 1800 9.73567 0.00179056 -12.5196 0.000693939
125 1800 9.40322 0.00146296 -12.3277 0.00128118
150 1800 8.96352 0.000499388 -12.0169 0.000841678
175 1800 8.61394 0.00109076 -11.7174 0.00120204
200 1800 8.3181 0.00107476 -11.4112 0.00161402
20 1800 16.8628 0.00590323 -13.8235 0.000918335
225 1800 8.05573 0.000907261 -11.0961 0.00130551
250 1800 7.81578 0.000952155 -10.7694 0.00151839
300 1800 7.38983 0.000737478 -10.0856 0.00159537
30 1800 15.0778 0.00193475 -13.6375 0.00053078
350 1800 7.01381 0.000636561 -9.37081 0.00192979
400 1800 6.71804 0.00102546 -8.70249 0.000676905
40 1800 13.5762 0.00231835 -13.461 0.000860115
450 1800 6.46127 0.000518707 -8.03855 0.000854399
500 1800 6.23701 0.000354749 -7.37818 0.00309249
50 1800 12.6543 0.00330735 -13.2588 0.00127171
550 1800 6.03811 0.000468659 -6.72139 0.00356074
600 1800 5.85496 0.00066376 -6.03381 0.00526339
60 1800 11.9239 0.00292207 -13.0667 0.00105227
650 1800 5.67795 0.00113738 -5.2391 0.0113185
700 1800 5.52349 0.00049485 -4.5678 0.0065127
70 1800 11.1185 0.00467601 -13.0046 0.00232582
750 1800 5.39106 0.000474519 -3.97636 0.00569896
800 1800 5.26608 0.000413672 -3.3643 0.00343788
80 1800 10.66 0.00299162 -12.8956 0.00163428
900 1800 5.04156 0.000268294 -2.19633 0.00214202
90 1800 10.2976 0.00159766 -12.7792 0.00132897
100 1875 10.0298 0.00155627 -12.6173 0.00110129
125 1875 9.42806 0.00156652 -12.2982 0.00135001
150 1875 8.97908 0.0012709 -11.9928 0.00170858
200 1875 8.32663 0.000733502 -11.3863 0.00134668
20 1875 16.9548 0.00743289 -13.8009 0.0010726
300 1875 7.39497 0.000865308 -10.0614 0.00167753
30 1875 15.1223 0.00316757 -13.6117 0.000682292
400 1875 6.72302 0.000639819 -8.67352 0.00231384
500 1875 6.2364 0.000470114 -7.32299 0.00331875
50 1875 12.6846 0.00299813 -13.2334 0.000958295
600 1875 5.84178 0.000977196 -5.84572 0.0105017
700 1875 5.52406 0.000331772 -4.49751 0.00402978
70 1875 11.267 0.00720543 -12.9229 0.00344699
800 1875 5.26794 0.000358392 -3.3249 0.00228657
1000 1900 4.84841 0.000358471 -1.0139 0.00257913
100 1900 10.0486 0.00148161 -12.6016 0.00137427
110 1900 9.77736 0.000826384 -12.4772 0.00104278
125 1900 9.43453 0.00210744 -12.2909 0.00174257
150 1900 8.98497 0.0011412 -11.9867 0.000773596
175 1900 8.62955 0.00057981 -11.6815 0.00101038
200 1900 8.32868 0.000592557 -11.3798 0.000904794
20 1900 16.9609 0.00720986 -13.7901 0.00119242
225 1900 8.06601 0.0011434 -11.0594 0.00171211
250 1900 7.82544 0.000851345 -10.7375 0.00152216
300 1900 7.3972 0.000823485 -10.0507 0.00180119
30 1900 15.1412 0.00329777 -13.601 0.000592376
350 1900 7.01913 0.00121853 -9.32698 0.00336906
400 1900 6.71483 0.000762533 -8.63678 0.00351646
40 1900 13.6367 0.00256131 -13.4283 0.000626977
450 1900 6.46244 0.000753459 -7.97812 0.00209711
500 1900 6.23596 0.000495175 -7.30282 0.00309104
50 1900 12.6995 0.00276242 -13.2261 0.000633136
550 1900 6.02976 0.000893008 -6.57688 0.00932825
600 1900 5.83175 0.00109891 -5.71661 0.0121685
60 1900 11.9757 0.00218604 -13.0316 0.0010192
650 1900 5.66802 0.000283628 -5.05903 0.00312707
700 1900 5.52451 0.000372764 -4.47672 0.00308392
70 1900 11.3522 0.0100834 -12.881 0.00460043
750 1900 5.3922 0.000376496 -3.89276 0.00273995
800 1900 5.26875 0.000415652 -3.31295 0.00243748
80 1900 10.7457 0.00375434 -12.8337 0.00220359
900 1900 5.04437 0.00038132 -2.15932 0.00236344
90 1900 10.3575 0.00240758 -12.7235 0.00189631
100 1950 10.069 0.001816 -12.5789 0.00171802
125 1950 9.44975 0.00182085 -12.2706 0.00158597
150 1950 8.99629 0.00111684 -11.9646 0.00113715
200 1950 8.33691 0.000669426 -11.3574 0.0014415
20 1950 17.0207 0.00783905 -13.7757 0.00121065
300 1950 7.40044 0.000841421 -10.0334 0.00184963
30 1950 15.1758 0.00349475 -13.587 0.000948368
400 1950 6.7148 0.000499553 -8.60123 0.00376337
500 1950 6.23395 0.000374327 -7.24673 0.00625622
50 1950 12.7133 0.00286925 -13.2112 0.00071772
600 1950 5.82686 0.000320481 -5.61644 0.00228941
70 1950 11.4199 0.00288834 -12.8437 0.00136699
1000 2000 4.8509 0.000311193 -0.975233 0.00203062
100 2000 10.0967 0.0024966 -12.5528 0.00228362
105 2000 9.94997 0.00208671 -12.4953 0.00186247
110 2000 9.8172 0.00167844 -12.4335 0.00178637
115 2000 9.69194 0.000751871 -12.3721 0.00114065
120 2000 9.57915 0.000394172 -12.3065 0.00124031
125 2000 9.46551 0.00052619 -12.2513 0.00132758
130 2000 9.36506 0.00150376 -12.1879 0.00135093
135 2000 9.2678 0.0014191 -12.1257 0.00092148
140 2000 9.17652 0.00117679 -12.0669 0.00113275
145 2000 9.08871 0.00126874 -12.0088 0.00120988
150 2000 9.00695 0.00117337 -11.9468 0.000960249
155 2000 8.92759 0.00101728 -11.8882 0.0009341
160 2000 8.85405 0.000895844 -11.8273 0.000806712
165 2000 8.78225 0.00120829 -11.7661 0.00182566
170 2000 8.71417 0.000805931 -11.7065 0.000787029
175 2000 8.648 0.000659832 -11.6445 0.00112989
180 2000 8.5837 0.000693248 -11.5834 0.00105257
185 2000 8.51979 0.000296897 -11.5227 0.0012073
190 2000 8.45975 0.000402398 -11.4644 0.00115654
195 2000 8.40133 0.000331406 -11.4004 0.00163704
200 2000 8.34399 0.000489348 -11.3392 0.00133819
205 2000 8.28738 0.000588527 -11.2757 0.00150555
20 2000 17.063 0.00871807 -13.7578 0.00138285
210 2000 8.23368 0.000622979 -11.2119 0.00115958
215 2000 8.18049 0.000563966 -11.1549 0.00134613
220 2000 8.12797 0.000797961 -11.0933 0.00164832
225 2000 8.07733 0.000908053 -11.0224 0.00200339
230 2000 8.02809 0.000556131 -10.9594 0.00176678
235 2000 7.9769 0.000771259 -10.8943 0.00171902
240 2000 7.92901 0.000710155 -10.829 0.00152047
245 2000 7.88158 0.000732071 -10.7632 0.00175004
250 2000 7.83378 0.000721614 -10.6966 0.00151238
255 2000 7.788 0.000980367 -10.6306 0.00208921
260 2000 7.74235 0.000849952 -10.5657 0.00187204
265 2000 7.69815 0.000753637 -10.4957 0.00159885
270 2000 7.65437 0.000581678 -10.4249 0.00180773
275 2000 7.61102 0.000818294 -10.3576 0.00195803
280 2000 7.56793 0.000930926 -10.2864 0.00193939
285 2000 7.52612 0.000843872 -10.2161 0.0022125
290 2000 7.48473 0.000848841 -10.1524 0.00182773
295 2000 7.44417 0.000799708 -10.0781 0.00217369
300 2000 7.40415 0.000704139 -10.0121 0.00184406
305 2000 7.36556 0.000904555 -9.9419 0.00214463
30 2000 15.2141 0.00215408 -13.5692 0.000627904
310 2000 7.32741 0.000948138 -9.87204 0.0022954
315 2000 7.28858 0.000861603 -9.80368 0.00226426
320 2000 7.25183 0.00101046 -9.73228 0.00259711
325 2000 7.21567 0.000926675 -9.66761 0.00210818
330 2000 7.18023 0.000776682 -9.59575 0.00192031
335 2000 7.14511 0.00101753 -9.53088 0.00249236
340 2000 7.10658 0.00122902 -9.44976 0.00289191
345 2000 7.07266 0.00157521 -9.3835 0.00453449
350 2000 7.0217 0.00116246 -9.27101 0.00432647
360 2000 6.97325 0.00173382 -9.16613 0.00507578
370 2000 6.90794 0.00184961 -9.02803 0.00476673
380 2000 6.83662 0.00169546 -8.86057 0.00559267
390 2000 6.78331 0.000893323 -8.73965 0.0040243
400 2000 6.72609 0.000547258 -8.60834 0.00260247
40 2000 13.7005 0.00401895 -13.3926 0.000564157
410 2000 6.66876 0.000426369 -8.45353 0.0035531
420 2000 6.61542 0.000424575 -8.31605 0.00422857
430 2000 6.56289 0.000264821 -8.18149 0.0037505
440 2000 6.5107 0.000312898 -8.03707 0.00391327
450 2000 6.46167 0.000297843 -7.89612 0.00579477
500 2000 6.22583 0.000735518 -7.12737 0.00955422
50 2000 12.7495 0.00109369 -13.1939 0.000887073
550 2000 6.00457 0.000426385 -6.21258 0.00701694
600 2000 5.82934 0.000220876 -5.59303 0.00223145
60 2000 12.019 0.0014501 -13.0007 0.000612088
650 2000 5.67165 0.000482431 -5.00252 0.000257521
700 2000 5.52801 0.000145258 -4.42559 0.00206249
70 2000 11.4444 0.00170367 -12.8226 0.00103418
750 2000 5.39552 0.000252315 -3.8489 0.00190822
800 2000 5.27225 0.000358303 -3.27686 0.00209857
80 2000 10.9161 0.00878287 -12.7092 0.00551705
900 2000 5.04736 0.000382886 -2.12636 0.00225719
90 2000 10.4412 0.00338216 -12.6512 0.00295477
1000 200 4.82772 7.32303e-05 -1.80971 0.000383178
100 200 9.52134 0.000306715 -13.069 0.00020953
105 200 9.40654 0.000161951 -12.9981 0.000145449
10 200 16.2869 0.00270235 -14.5772 0.000612279
110 200 9.30272 0.000197843 -12.9307 0.000141147
115 200 9.20619 0.000387843 -12.8649 0.000280136
120 200 9.11908 0.000284212 -12.8029 0.000221536
125 200 9.03552 0.000231322 -12.7406 0.000179052
130 200 8.95738 0.000207074 -12.68 0.000166154
135 200 8.88155 0.000263228 -12.6185 0.000216456
140 200 8.81382 0.000238599 -12.5616 0.000219061
145 200 8.74543 0.000507969 -12.5019 0.000462802
150 200 8.67683 0.000775533 -12.4397 0.000723507
155 200 8.61631 0.000483159 -12.383 0.000483418
15 200 15.1404 0.0258598 -14.4905 0.00283259
160 200 8.54717 0.00169496 -12.3159 0.00163558
165 200 8.47891 0.0010008 -12.2482 0.000965494
170 200 8.41464 0.000292069 -12.1829 0.000318328
175 200 8.35976 0.000436261 -12.1251 0.000459979
180 200 8.30895 0.000397379 -12.0698 0.00043186
185 200 8.25717 0.000306453 -12.0117 0.000352007
190 200 8.21055 0.000441973 -11.9583 0.000539164
195 200 8.16044 0.000427142 -11.8988 0.00052667
200 200 8.11667 0.000329728 -11.8459 0.000403449
205 200 8.07248 0.00025547 -11.7909 0.000346753
20 200 13.4554 0.00131842 -14.3489 0.000157377
210 200 8.02837 0.000275126 -11.7342 0.000457176
215 200 7.98366 0.000373465 -11.6754 0.000532566
220 200 7.94254 0.000448199 -11.6203 0.00064121
225 200 7.89791 0.000529654 -11.5586 0.000834369
230 200 7.8581 0.000542129 -11.5026 0.000841718
235 200 7.80167 0.00286899 -11.42 0.00440081
240 200 7.73436 0.000479645 -11.3198 0.000734598
245 200 7.69019 0.00129099 -11.2537 0.00191601
250 200 7.6473 0.000578778 -11.1884 0.000912141
255 200 7.60195 0.000314768 -11.1176 0.000512157
25 200 12.97 0.00121142 -14.2883 0.000172989
260 200 7.56081 0.000629545 -11.0521 0.00103316
265 200 7.52099 0.000348898 -10.9875 0.000575475
270 200 7.48741 0.00102445 -10.9296 0.00129122
275 200 7.44811 0.000307817 -10.8614 0.000529129
280 200 7.41099 0.000746764 -10.7979 0.00125377
285 200 7.36502 0.000361773 -10.7228 0.000632114
290 200 7.33308 0.00041918 -10.6663 0.000726977
295 200 7.29216 0.000527925 -10.5924 0.000941081
300 200 7.25549 0.00062101 -10.5249 0.00115986
305 200 7.21933 0.000620614 -10.4573 0.00113942
30 200 12.5893 0.00239987 -14.2265 0.000882794
310 200 7.18297 0.000564753 -10.3883 0.00105587
315 200 7.14918 0.000478333 -10.3232 0.000893586
320 200 7.11757 0.000363956 -10.261 0.000729532
325 200 7.08196 0.000405964 -10.19 0.000800798
330 200 7.05427 0.00044704 -10.127 0.000891214
335 200 7.02284 0.00032919 -10.0624 0.00065543
340 200 6.98969 0.000397216 -9.99314 0.000859543
345 200 6.95832 0.000240495 -9.92667 0.000524707
350 200 6.92844 0.00022113 -9.86237 0.000483131
35 200 12.2742 0.000407454 -14.165 2.93191e-05
360 200 6.86953 0.000303247 -9.7329 0.000671763
370 200 6.81176 0.000202842 -9.60216 0.000462653
380 200 6.75612 0.00022692 -9.47267 0.00053969
390 200 6.70218 0.00017796 -9.34373 0.000438454
400 200 6.65117 0.000143319 -9.21866 0.000368113
40 200 11.998 0.000463829 -14.1017 0.000127759
410 200 6.60047 9.64102e-05 -9.09107 0.000259575
420 200 6.55135 4.8075e-05 -8.96436 0.000142347
430 200 6.50339 9.59651e-05 -8.83734 0.000288316
440 200 6.45695 0.000104046 -8.71152 0.000314829
450 200 6.41136 0.00010513 -8.58536 0.000336719
500 200 6.19496 0.00011436 -7.94546 0.000380891
50 200 11.5128 0.000503188 -13.9648 0.000197884
550 200 5.99709 9.45754e-05 -7.29952 0.000325959
5 200 17.8335 0.00701145 -14.6309 0.000645675
600 200 5.81954 2.8741e-05 -6.66488 0.000156855
60 200 11.0421 0.000811868 -13.7992 0.000373272
650 200 5.66155 3.21068e-05 -6.05064 3.3155e-05
700 200 5.51855 7.43934e-05 -5.4493 0.000302676
70 200 10.561 0.000424439 -13.599 0.000210017
750 200 5.38395 0.000138621 -4.84166 0.000590548
800 200 5.25023 7.473e-05 -4.20144 0.000331259
80 200 10.1398 0.000307828 -13.4031 0.000147289
900 200 5.01997 5.74383e-05 -2.98865 0.000307359
90 200 9.7918 0.000211579 -13.2236 0.000149727
1000 2100 4.8534 0.000343884 -0.934759 0.00224807
100 2100 10.1723 0.00311791 -12.473 0.00350565
110 2100 9.86816 0.00188455 -12.3743 0.00247234
125 2100 9.50704 0.00130995 -12.1967 0.00147967
150 2100 9.03172 0.00155172 -11.9067 0.00144254
175 2100 8.6646 0.0011013 -11.6038 0.0014592
200 2100 8.35812 0.00077525 -11.3009 0.00106472
20 2100 17.147 0.00882132 -13.7241 0.00147292
225 2100 8.08769 0.000296177 -10.9815 0.00132549
250 2100 7.84348 0.000462635 -10.6579 0.00175371
300 2100 7.41162 0.000789074 -9.96548 0.00267063
30 2100 15.2628 0.00316879 -13.5323 0.000922256
350 2100 7.02924 0.00290074 -9.19824 0.0137621
400 2100 6.72891 0.000799419 -8.51979 0.00463158
40 2100 13.9755 0.0211948 -13.3436 0.00179305
450 2100 6.45245 0.00103874 -7.71739 0.0121342
500 2100 6.20396 0.00033003 -6.7558 0.00164177
50 2100 12.7949 0.00368444 -13.1611 0.000865282
550 2100 6.0079 0.000532869 -6.14516 0.00189905
600 2100 5.83334 0.000581575 -5.55107 0.00226878
60 2100 12.057 0.00118785 -12.9679 0.00079914
650 2100 5.67592 0.000370758 -4.96695 0.00221667
700 2100 5.53208 0.000504501 -4.38782 0.00222873
70 2100 11.4896 0.00221938 -12.7875 0.00107753
750 2100 5.39934 0.000147249 -3.81541 0.0023898
800 2100 5.27604 0.000468693 -3.24474 0.000822387
80 2100 11.0288 0.00220995 -12.6256 0.00159986
900 2100 5.05045 0.000228756 -2.09663 0.00139861
90 2100 10.5845 0.00721428 -12.5216 0.00583733
100 2125 10.195 0.00361892 -12.4487 0.00360841
125 2125 9.51485 0.00168971 -12.1861 0.00245147
150 2125 9.03905 0.00150192 -11.8922 0.000763815
200 2125 8.36046 0.000801911 -11.2918 0.00142212
20 2125 17.1702 0.00762226 -13.7161 0.0012943
300 2125 7.41312 0.000622649 -9.95369 0.0022757
30 2125 15.2793 0.00342001 -13.5236 0.000933321
400 2125 6.72094 0.000846239 -8.45033 0.0054888
500 2125 6.20535 0.000668197 -6.74599 0.00169904
50 2125 12.8003 0.00216028 -13.1542 0.000798284
600 2125 5.83454 0.000558886 -5.54325 0.00215587
700 2125 5.5333 3.07404e-05 -4.38088 0.00200141
70 2125 11.4971 0.00196838 -12.7797 0.00109909
800 2125 5.27682 0.00039771 -3.23498 0.000926098
1000 2200 4.85623 0.000150328 -0.90199 0.00125324
100 2200 10.314 0.00629793 -12.317 0.00657478
110 2200 9.94018 0.00253671 -12.2844 0.00314135
125 2200 9.55058 0.00141743 -12.1334 0.00194585
150 2200 9.06006 0.00161501 -11.8515 0.00165742
175 2200 8.68406 0.000984674 -11.5556 0.00179554
200 2200 8.3723 0.00110018 -11.2524 0.00159483
20 2200 17.2457 0.0094362 -13.6944 0.00111681
225 2200 8.09978 0.000836064 -10.9352 0.00135917
250 2200 7.85282 0.000671071 -10.5974 0.00206634
300 2200 7.41771 0.000461854 -9.90884 0.00229463
30 2200 15.3219 0.00379353 -13.4985 0.000835559
350 2200 7.05371 0.00070312 -9.21289 0.0030524
400 2200 6.69091 0.00086991 -8.00532 0.00400426
40 2200 14.0826 0.0050263 -13.3039 0.000927826
450 2200 6.43458 0.000730822 -7.34896 0.00289909
500 2200 6.20937 0.000296356 -6.71704 0.00133119
50 2200 12.8418 0.00333141 -13.1291 0.000524549
550 2200 6.01299 0.000580997 -6.11227 0.000244043
600 2200 5.83821 0.000179994 -5.518 0.00225048
60 2200 12.1064 0.00238993 -12.9382 0.000596174
650 2200 5.68059 0.000538851 -4.93534 0.00218256
700 2200 5.53653 0.000133612 -4.35802 0.00205093
70 2200 11.5247 0.0022925 -12.7561 0.00105366
750 2200 5.40351 0.000277917 -3.78637 0.00248836
800 2200 5.27953 0.000524116 -3.21449 0.00262196
80 2200 11.0654 0.00168196 -12.5877 0.00124224
900 2200 5.0538 0.000423032 -2.06916 0.00239019
90 2200 10.6839 0.00201006 -12.4302 0.00162839
100 2250 10.3663 0.0024475 -12.2581 0.00214114
125 2250 9.57964 0.00185167 -12.0867 0.00317333
150 2250 9.07444 0.000669071 -11.8185 0.00263924
200 2250 8.37879 0.00081389 -11.2236 0.00205994
20 2250 17.2877 0.00819044 -13.6753 0.00134214
300 2250 7.42103 0.000505191 -9.87973 0.00380835
30 2250 15.3613 0.00425796 -13.4807 0.00101872
400 2250 6.6949 0.000718978 -7.99024 0.0065755
500 2250 6.21194 0.000426701 -6.70142 0.00163938
50 2250 12.8681 0.00415945 -13.115 0.00079044
600 2250 5.84075 0.000387124 -5.5011 0.00240663
700 2250 5.53849 0.000516717 -4.34534 0.00225108
70 2250 11.5459 0.00365049 -12.7395 0.00077126
800 2250 5.2816 0.000300502 -3.20208 0.00233539
100 225 9.53044 0.000228435 -13.0652 0.000128068
150 225 8.68046 0.000926787 -12.4329 0.000854952
200 225 8.11958 0.000288706 -11.839 0.000332133
300 225 7.26066 0.000282665 -10.5187 0.000528469
400 225 6.65134 0.000154332 -9.20869 0.000420386
500 225 6.19539 0.000122386 -7.9365 0.000419789
600 225 5.82027 7.02573e-05 -6.65734 0.000268397
1000 2300 4.85898 0.000453481 -0.866694 0.00287765
100 2300 10.3818 0.00162135 -12.2367 0.00155497
110 2300 10.0831 0.00387845 -12.0942 0.00508749
125 2300 9.6199 0.00331926 -12.0238 0.00518225
150 2300 9.09339 0.00076243 -11.7822 0.00313127
175 2300 8.7063 0.00145977 -11.4867 0.00304008
200 2300 8.38774 0.00123098 -11.1882 0.00289735
20 2300 17.3335 0.0111002 -13.6591 0.00123052
225 2300 8.11093 0.000999287 -10.8667 0.00228574
250 2300 7.86171 0.000901457 -10.5368 0.00303016
300 2300 7.42372 0.000629891 -9.83635 0.00360731
30 2300 15.3952 0.00507919 -13.4652 0.00140287
350 2300 7.01049 0.00300968 -8.6892 0.0285323
400 2300 6.70072 0.000899259 -7.95367 0.00250811
40 2300 14.1378 0.00196601 -13.2688 0.00127726
450 2300 6.43946 0.000739951 -7.30734 0.00220784
500 2300 6.21489 0.00044418 -6.68457 0.00177006
50 2300 12.9092 0.00457047 -13.0967 0.000742321
550 2300 6.01821 0.000668831 -6.07827 0.00226961
600 2300 5.84314 0.000297552 -5.48862 0.00221691
60 2300 12.1399 0.00149511 -12.9048 0.000583841
650 2300 5.68524 0.00025275 -4.90509 0.00235589
700 2300 5.54066 0.000530551 -4.33169 0.00230025
70 2300 11.5586 0.0018131 -12.724 0.000705837
750 2300 5.40758 0.000151422 -3.75917 0.00261659
800 2300 5.28458 0.000166491 -3.18158 0.00256089
80 2300 11.0982 0.000235571 -12.5546 0.00101528
900 2300 5.05703 0.000282191 -2.04056 0.00284592
90 2300 10.7128 0.00187417 -12.3929 0.00148887
100 2375 10.4018 0.00197343 -12.2083 0.0016408
125 2375 9.69241 0.00353 -11.8867 0.00712641
150 2375 9.12223 0.00124183 -11.7111 0.00415327
200 2375 8.40042 0.0015039 -11.1258 0.00269709
20 2375 17.3974 0.00997551 -13.6349 0.00140722
300 2375 7.3771 0.000792099 -9.2876 0.00231784
30 2375 15.4323 0.00608673 -13.4398 0.00100883
400 2375 6.70532 0.000718588 -7.93021 0.00191992
500 2375 6.21915 0.000719701 -6.66289 0.00236245
50 2375 13.0618 0.0251435 -13.0593 0.00280996
600 2375 5.8467 0.000554518 -5.4673 0.0020863
700 2375 5.5441 0.000331797 -4.31105 0.00255726
70 2375 11.5851 0.00269016 -12.701 0.000462138
800 2375 5.28649 0.000552971 -3.16931 0.00273852
1000 2400 4.85679 0.000449849 -0.855682 0.00328945
100 2400 10.4105 0.00163806 -12.2007 0.00160731
110 2400 10.1157 0.00151962 -12.0446 0.001579
125 2400 9.7188 0.00360629 -11.8366 0.00686209
150 2400 9.13834 0.00136465 -11.6637 0.00484821
175 2400 8.73215 0.00177779 -11.389 0.00383191
200 2400 8.40405 0.00129523 -11.1015 0.00305332
20 2400 17.4155 0.00913387 -13.6262 0.00129938
225 2400 8.12235 0.00103208 -10.7798 0.003841
250 2400 7.87002 0.00107766 -10.4379 0.00523339
300 2400 7.39526 0.00439421 -9.43742 0.0372941
30 2400 15.4429 0.00613959 -13.4298 0.00127172
350 2400 7.01327 0.000383059 -8.60182 0.000385624
400 2400 6.70705 0.000764248 -7.92276 0.00199973
40 2400 14.1755 0.00406619 -13.2315 0.00129438
450 2400 6.44582 0.000878864 -7.27743 0.00255258
500 2400 6.2204 0.000586288 -6.6548 0.00207718
50 2400 12.9142 0.00679668 -13.065 0.000960005
550 2400 6.02346 0.000326247 -6.05173 0.00148382
600 2400 5.84785 0.000677108 -5.45891 0.000344595
60 2400 12.183 0.00242337 -12.8745 0.000578886
650 2400 5.68989 0.000618222 -4.88094 0.00246342
700 2400 5.54536 0.000231806 -4.30609 0.00242458
70 2400 11.5948 0.00217041 -12.6915 0.000594165
750 2400 5.41283 0.000203722 -3.72904 0.00237416
800 2400 5.28735 0.000449621 -3.16278 0.00222047
80 2400 11.1267 0.00157356 -12.5221 0.00121888
900 2400 5.06065 0.000260925 -2.01661 0.00235791
90 2400 10.7419 0.000305182 -12.3595 0.00125117
1000 2500 4.85976 0.000465209 -0.833748 0.00287086
100 2500 10.4343 0.00108636 -12.1675 0.0012382
110 2500 10.1375 0.00182821 -12.0098 0.00163033
125 2500 9.75118 0.00147387 -11.7783 0.00170822
150 2500 9.20924 0.0022918 -11.4336 0.00765231
175 2500 8.76427 0.00114087 -11.2266 0.0090519
200 2500 8.4224 0.00149499 -10.9521 0.00572157
20 2500 17.5273 0.0105255 -13.5969 0.00153965
225 2500 8.1328 0.00118686 -10.6257 0.00766832
250 2500 7.84435 0.00396026 -10.0441 0.0318012
300 2500 7.38876 0.000772794 -9.25244 0.0020883
30 2500 15.5037 0.00574979 -13.3933 0.00128983
350 2500 7.0231 0.000517834 -8.56192 0.00196336
400 2500 6.71417 0.000410584 -7.8933 0.00138312
40 2500 14.2252 0.00354937 -13.1995 0.00119998
450 2500 6.45171 0.000652375 -7.24922 0.00206182
500 2500 6.22606 0.000898854 -6.62805 0.00288873
50 2500 13.2554 0.0119708 -13.0005 0.00123542
550 2500 6.02863 0.00057206 -6.0241 0.001955
600 2500 5.85301 0.000362567 -5.43412 0.0014988
60 2500 12.2171 0.0018633 -12.8407 0.00107402
650 2500 5.69452 0.000652807 -4.85446 0.00260482
700 2500 5.54975 5.01793e-05 -4.27953 0.00233941
70 2500 11.6308 0.00238834 -12.662 0.00167458
750 2500 5.41591 0.000231686 -3.71001 0.00269364
800 2500 5.29146 0.000501047 -3.13902 0.00244127
80 2500 11.1572 0.00350487 -12.4912 0.000801754
900 2500 5.06385 0.000590337 -1.99319 0.00328561
90 2500 10.769 0.00130074 -12.3279 0.000813897
100 250 9.54021 0.0002464 -13.0615 0.000172041
150 250 8.68732 0.000483838 -12.4294 0.000435732
200 250 8.12132 0.000499303 -11.8314 0.000679761
300 250 7.26451 0.000554226 -10.5162 0.0010613
400 250 6.65241 0.000207492 -9.20134 0.000512069
600 250 5.82096 9.66046e-05 -6.64974 0.000377349
1000 2600 4.86347 0.000211003 -0.802273 0.0031365
100 2600 10.4573 0.00171548 -12.1348 0.00152187
110 2600 10.158 0.000943787 -11.9784 0.00157165
125 2600 9.77154 0.00171952 -11.746 0.00171967
150 2600 9.19551 0.0018013 -11.3098 0.00200449
175 2600 8.7575 0.00186322 -10.9355 0.00217809
200 2600 8.40481 0.000481685 -10.5801 6.46324e-05
20 2600 17.5997 0.0130247 -13.5567 0.00176359
225 2600 8.10972 0.00138842 -10.2415 0.00211156
250 2600 7.84809 0.0011781 -9.8963 0.00206843
300 2600 7.40194 0.000908999 -9.22007 0.00219706
30 2600 15.56 0.00727053 -13.3623 0.00122942
350 2600 7.03139 0.000760024 -8.53426 0.00247467
400 2600 6.7207 0.000363179 -7.87016 0.000354115
40 2600 14.2695 0.00494833 -13.1642 0.00127738
450 2600 6.45798 0.000712393 -7.22476 0.00215633
500 2600 6.23156 0.000811718 -6.60215 0.00256009
50 2600 13.3213 0.00264622 -12.9659 0.00109609
550 2600 6.03423 0.000697975 -5.99893 0.00241984
600 2600 5.85802 0.00069198 -5.41005 0.00262859
60 2600 12.2599 0.00119573 -12.8101 0.000753767
650 2600 5.69927 0.000309805 -4.83085 0.00133164
700 2600 5.55405 0.00058543 -4.25795 0.00041021
70 2600 11.6624 0.00218726 -12.6291 0.000733938
750 2600 5.42024 0.000598608 -3.68732 0.00274022
800 2600 5.29547 0.000372073 -3.11689 0.00262441
80 2600 11.1896 0.00176596 -12.4589 0.000646937
900 2600 5.06769 0.000507652 -1.96886 0.00282289
90 2600 10.7917 0.00138825 -12.2955 0.00103198
100 2625 10.4604 0.0008374 -12.1284 0.0014217
125 2625 9.7775 0.00135986 -11.7383 0.00178397
150 2625 9.2398 0.00144236 -11.3565 0.00196174
200 2625 8.39941 0.000533648 -10.5762 0.000947466
20 2625 17.6338 0.0109746 -13.5542 0.00167556
300 2625 7.40594 0.00089293 -9.21176 0.00205134
30 2625 15.5779 0.00681127 -13.35 0.00180682
400 2625 6.72327 0.000441968 -7.86128 0.00259356
500 2625 6.23296 0.000825565 -6.59638 0.00267765
50 2625 13.3119 0.0115054 -12.9573 0.00164586
600 2625 5.85894 0.000613014 -5.40274 0.00233637
700 2625 5.55517 0.000172854 -4.2518 0.000964587
70 2625 11.6716 0.00234845 -12.6217 0.00061224
800 2625 5.29673 0.000610021 -3.10983 0.0029634
1000 2700 4.86613 0.000181086 -0.790745 0.00339493
100 2700 10.4772 0.000524987 -12.1056 0.00103577
110 2700 10.181 0.000516604 -11.947 0.00110515
125 2700 9.79262 0.00156524 -11.7118 0.00181038
150 2700 9.20506 0.00459646 -11.2877 0.00360675
175 2700 8.77401 0.00255005 -10.9126 0.00269447
200 2700 8.40952 0.000686229 -10.5581 0.000696247
20 2700 17.6894 0.0113778 -13.5294 0.00147569
225 2700 8.11875 0.00147885 -10.216 0.00222881
250 2700 7.85902 0.00124868 -9.8688 0.00212927
300 2700 7.40912 0.00107933 -9.18941 0.00235131
30 2700 15.6135 0.00765511 -13.3238 0.00142264
350 2700 7.03957 0.000854138 -8.50663 0.00240868
400 2700 6.72779 0.000507884 -7.84116 0.00224573
40 2700 14.3206 0.00493978 -13.1286 0.00168556
450 2700 6.46415 0.000453477 -7.19831 0.00139112
500 2700 6.23754 0.000738624 -6.57774 0.00240624
50 2700 13.3591 0.00205738 -12.9277 0.00138886
550 2700 6.03939 0.000642297 -5.97468 0.00223708
600 2700 5.86278 0.000601353 -5.38629 0.00224911
60 2700 12.3212 0.00450984 -12.7757 0.000913515
650 2700 5.70377 0.000410426 -4.80839 0.0016516
700 2700 5.55851 0.000385348 -4.2348 0.00174148
70 2700 11.6953 0.0028088 -12.5969 0.000496937
750 2700 5.42458 0.000140527 -3.66582 0.000752012
800 2700 5.29921 0.000572188 -3.09507 0.00280856
80 2700 11.2164 0.00167927 -12.4275 0.000766941
900 2700 5.07116 0.000509102 -1.94762 0.00278815
90 2700 10.8213 0.00131063 -12.2659 0.00101852
100 2750 10.4893 0.00298598 -12.0897 0.00077718
125 2750 9.80097 0.00156468 -11.6961 0.00201849
150 2750 9.20119 0.00118556 -11.2677 0.00137462
200 2750 8.41647 0.000874293 -10.5453 0.00130965
20 2750 17.7273 0.0107961 -13.5114 0.00155523
300 2750 7.41473 0.00129323 -9.1752 0.00267805
30 2750 15.6476 0.00735198 -13.3123 0.00148946
400 2750 6.73122 0.000600159 -7.83015 0.0022826
500 2750 6.24042 0.00052002 -6.56558 0.00164213
50 2750 13.3631 0.0060515 -12.9145 0.00124376
600 2750 5.86528 0.000642701 -5.37467 0.0023666
700 2750 5.56097 0.000511165 -4.2237 0.00223479
70 2750 11.7194 0.00106686 -12.5817 0.00054753
800 2750 5.30144 0.000178197 -3.0837 0.00114398
100 275 9.54985 0.000310386 -13.0578 0.000214121
150 275 8.69203 0.000287035 -12.4234 0.000302648
200 275 8.12456 0.000423462 -11.8255 0.000523384
300 275 7.26508 0.000358323 -10.5071 0.000674425
400 275 6.65401 5.99031e-05 -9.19492 0.000152854
500 275 6.19688 0.000139939 -7.92074 0.000451174
600 275 5.8219 2.58213e-05 -6.64293 0.000154825
1000 2800 4.86953 4.58849e-05 -0.767865 0.00278196
100 2800 10.5015 0.00307669 -12.0743 0.000962391
110 2800 10.2028 0.00194145 -11.9165 0.00109603
125 2800 9.81102 0.00262575 -11.6794 0.00132978
150 2800 9.21978 0.00275928 -11.2531 0.00274351
175 2800 8.77865 0.00160757 -10.8841 0.00178804
200 2800 8.433 0.000884786 -10.5295 0.00110829
20 2800 17.7706 0.0110776 -13.4937 0.00197668
225 2800 8.13085 0.000221539 -10.1901 0.00237544
250 2800 7.86722 0.00139199 -9.84442 0.00231736
300 2800 7.41799 0.00125516 -9.16169 0.0025121
30 2800 15.672 0.00752418 -13.2909 0.00176988
350 2800 7.04957 0.000757484 -8.48497 0.00208405
400 2800 6.73479 0.000679277 -7.8181 0.0026243
40 2800 14.3517 0.0050168 -13.0921 0.00130531
450 2800 6.46746 0.000398607 -7.18571 0.00281402
500 2800 6.24319 0.000638458 -6.55376 0.00200158
50 2800 13.3933 0.00319352 -12.895 0.00130994
550 2800 6.04458 0.000722635 -5.95215 0.00245158
600 2800 5.86793 0.000609168 -5.3642 0.00235067
60 2800 12.5351 0.0242875 -12.7167 0.00418581
650 2800 5.70882 0.000623988 -4.78703 0.00248949
700 2800 5.56307 0.00061327 -4.21325 0.00274205
70 2800 11.7358 0.000171921 -12.5671 0.00184445
750 2800 5.42874 0.000401397 -3.64371 0.00187581
800 2800 5.30335 0.000285194 -3.07309 0.00151547
80 2800 11.2513 0.00250334 -12.3988 0.00029142
900 2800 5.07479 0.000117847 -1.92579 0.000637873
90 2800 10.844 0.00114775 -12.2325 0.000675195
100 2875 10.5208 0.000942873 -12.051 0.000941565
125 2875 9.82545 0.000485113 -11.6581 0.00138683
150 2875 9.25928 0.00573345 -11.2609 0.0042213
200 2875 8.44575 0.00105371 -10.5125 0.00133685
20 2875 17.8479 0.0102609 -13.4667 0.00199066
300 2875 7.42569 0.00121444 -9.14363 0.00248375
30 2875 15.7145 0.0083735 -13.263 0.00181874
400 2875 6.73998 0.000729346 -7.79873 0.00257904
500 2875 6.24759 0.000414756 -6.53671 0.00147503
50 2875 13.4299 0.00378209 -12.8689 0.000893389
600 2875 5.87169 0.000688975 -5.34636 0.00254985
700 2875 5.56635 0.000593094 -4.19729 0.00262648
70 2875 11.7653 0.00199848 -12.5423 0.00199629
800 2875 5.30743 0.000485843 -3.04996 0.00233609
1000 2900 4.87254 0.000254516 -0.746739 0.0016779
100 2900 10.5265 0.000712686 -12.0427 0.000595609
110 2900 10.2242 0.000474207 -11.8853 0.00115623
125 2900 9.83062 0.00100992 -11.6517 0.00165545
150 2900 9.25629 0.00500439 -11.2432 0.00390282
175 2900 8.79437 0.00150262 -10.86 0.00178612
200 2900 8.44764 0.00102897 -10.5058 0.00152749
20 2900 17.8463 0.00993787 -13.4616 0.00172446
225 2900 8.14276 0.000820326 -10.161 0.00147098
250 2900 7.87853 0.000222013 -9.82238 0.000318683
300 2900 7.42811 0.0011128 -9.13785 0.00223062
30 2900 15.7313 0.0086095 -13.2568 0.00188271
350 2900 7.05438 0.000866178 -8.45817 0.00220186
400 2900 6.74191 0.000808669 -7.79346 0.0027461
40 2900 14.4045 0.00545145 -13.0597 0.00154293
450 2900 6.47684 0.000545605 -7.15195 0.00291037
500 2900 6.24871 0.000573668 -6.53137 0.00190237
50 2900 13.4339 0.0045686 -12.8581 0.00145832
550 2900 6.04965 0.000681711 -5.93026 0.00230955
600 2900 5.87321 0.000746259 -5.34275 0.00273056
60 2900 12.6607 0.00728108 -12.6657 0.00154621
650 2900 5.71327 0.000712539 -4.76414 0.00285809
700 2900 5.56772 0.000497539 -4.19125 0.00216284
70 2900 11.7748 0.00220249 -12.5368 0.000697861
750 2900 5.4328 0.000490729 -3.6229 0.00229759
800 2900 5.30746 0.000378061 -3.05144 0.00199047
80 2900 11.2766 0.00184871 -12.367 0.001859
900 2900 5.07808 0.000361731 -1.90318 0.00203531
90 2900 10.8677 0.00095383 -12.202 0.000636159
1000 3000 4.87566 0.000308925 -0.72873 0.00186809
100 3000 10.5499 0.00331339 -12.0145 0.00189776
110 3000 10.2464 0.000532936 -11.8573 0.000909021
125 3000 9.84808 0.000919296 -11.6239 0.00157696
150 3000 9.26603 0.00522639 -11.2185 0.00287611
175 3000 8.82062 0.0014135 -10.8358 0.00176124
200 3000 8.45163 0.0011763 -10.4851 0.00162254
20 3000 17.9191 0.00950957 -13.4239 0.00175535
225 3000 8.15379 0.000829984 -10.1417 0.00120869
250 3000 7.8833 0.000275889 -9.80376 0.000667114
300 3000 7.4369 0.00119489 -9.11666 0.0023529
30 3000 15.7803 0.00785314 -13.2219 0.0018593
350 3000 7.06243 0.00095191 -8.43559 0.00227258
400 3000 6.74887 0.000885978 -7.77072 0.00280373
40 3000 14.4455 0.00578073 -13.0217 0.00153053
450 3000 6.48291 0.000625601 -7.13033 0.00281173
500 3000 6.25442 0.000387219 -6.51029 0.00299242
50 3000 13.4731 0.00369985 -12.8256 0.00157893
550 3000 6.05503 0.000547304 -5.90907 0.00186301
600 3000 5.87802 0.000707835 -5.32217 0.0025858
60 3000 12.6932 0.0109388 -12.6354 0.0023692
650 3000 5.71816 0.000748006 -4.74384 0.00293929
700 3000 5.57198 0.000702474 -4.17152 0.00301157
70 3000 11.8194 0.00308858 -12.503 0.00120727
750 3000 5.43735 0.00062882 -3.60219 0.00290167
800 3000 5.31114 0.000553419 -3.03285 0.00265068
80 3000 11.3146 0.00219244 -12.3346 0.000919823
900 3000 5.08246 0.000503761 -1.87871 0.00283583
90 3000 10.8965 0.00100659 -12.1722 0.000810678
1000 300 4.81635 8.50724e-05 -1.7463 0.000272348
100 300 9.55866 0.000339416 -13.0534 0.000234686
105 300 9.441 0.000325901 -12.9814 0.000229978
10 300 16.3807 0.00252012 -14.537 0.000267693
110 300 9.3346 0.000292289 -12.913 0.000149297
115 300 9.23619 0.000283897 -12.8464 0.000175913
120 300 9.14493 1.44693e-05 -12.782 0.000112246
125 300 9.05943 0.000254361 -12.7189 0.000224979
130 300 8.98045 0.000444637 -12.6582 0.000384775
135 300 8.90393 0.00041806 -12.5971 0.00037125
140 300 8.83148 0.000379773 -12.5365 0.000346985
145 300 8.7603 0.000481268 -12.475 0.000418629
150 300 8.69454 0.000501412 -12.416 0.00044197
155 300 8.63101 0.000691444 -12.357 0.000658337
15 300 15.2356 0.00374103 -14.4511 0.000661919
160 300 8.57157 0.000216004 -12.2999 0.000182597
165 300 8.50459 0.000741577 -12.2336 0.000703264
170 300 8.43852 0.000626098 -12.1675 0.000661418
175 300 8.38108 0.000541156 -12.1077 0.000478861
180 300 8.3279 0.000548832 -12.0501 0.00052649
185 300 8.27467 0.000384828 -11.9906 0.000379952
190 300 8.22577 0.00039935 -11.9358 0.000437574
195 300 8.17659 0.000353261 -11.8779 0.00042103
200 300 8.12999 0.000302475 -11.8222 0.000352814
205 300 8.0818 0.000293686 -11.7617 0.000365093
20 300 13.6781 0.00232855 -14.322 0.000187422
210 300 8.03935 0.000281518 -11.7082 0.000410157
215 300 7.99489 0.000576369 -11.65 0.000992323
220 300 7.94758 0.000417129 -11.5865 0.000640326
225 300 7.90384 0.00051399 -11.5262 0.000779106
230 300 7.85844 0.000899891 -11.4621 0.00138946
235 300 7.79311 0.000920599 -11.3668 0.00132288
240 300 7.74747 0.000642287 -11.3001 0.000951614
245 300 7.70245 0.00111532 -11.2332 0.00174364
250 300 7.65814 0.000521376 -11.1659 0.000792155
255 300 7.6136 0.000426982 -11.0966 0.000678884
25 300 13.0887 0.00125421 -14.2595 0.000197886
260 300 7.57237 0.00047165 -11.0314 0.000796793
265 300 7.53076 0.000423658 -10.9643 0.000707295
270 300 7.4934 0.000885842 -10.9015 0.00108457
275 300 7.45318 0.000349209 -10.8356 0.000632618
280 300 7.41834 0.000310811 -10.7709 0.000536675
285 300 7.38054 0.000325238 -10.7054 0.000559459
290 300 7.34131 0.000430816 -10.636 0.000637094
295 300 7.30345 0.000162216 -10.5675 0.000309082
300 300 7.26569 0.000257798 -10.4982 0.000518646
305 300 7.23176 0.000315614 -10.4351 0.000569616
30 300 12.6556 0.000954825 -14.1945 0.000210782
310 300 7.19657 0.00029506 -10.3681 0.000557083
315 300 7.15991 0.000260723 -10.2975 0.000471645
320 300 7.12761 0.000326376 -10.2341 0.000636361
325 300 7.09355 0.000422966 -10.1662 0.00085709
330 300 7.05956 0.000174529 -10.0974 0.000477533
335 300 7.02238 0.000390724 -10.0284 0.000800775
340 300 6.99609 0.000291147 -9.96597 0.00063608
345 300 6.96395 0.000199679 -9.89839 0.000490127
350 300 6.93406 0.000367785 -9.83382 0.000812628
35 300 12.3078 0.00089067 -14.1291 0.000153448
360 300 6.87509 0.000206755 -9.70431 0.000519384
370 300 6.81724 0.000331717 -9.57351 0.000780774
375 300 6.78806 0.000290453 -9.50648 0.000687025
380 300 6.7608 0.000204994 -9.44274 0.000496379
390 300 6.70649 0.000175797 -9.31309 0.000461367
400 300 6.65459 0.00013211 -9.18609 0.000356717
40 300 12.0118 0.000644669 -14.0627 0.000196495
410 300 6.6038 0.000174109 -9.05839 0.000482497
420 300 6.55426 0.000138229 -8.93049 0.000377223
425 300 6.52985 0.000119198 -8.86649 0.000343615
430 300 6.50617 9.47371e-05 -8.80387 0.000336154
440 300 6.45898 0.000127427 -8.67602 0.000167275
450 300 6.41362 0.000172805 -8.5503 0.000561062
475 300 6.30289 6.48914e-05 -8.23202 0.000255109
500 300 6.1974 9.80676e-05 -7.91223 4.50161e-05
50 300 11.4957 0.00106752 -13.918 0.000498067
525 300 6.09639 8.9608e-05 -7.59018 0.000312389
550 300 6.0004 9.72809e-05 -7.26957 0.000389282
575 300 5.90898 0.000131409 -6.95029 0.000496507
5 300 18.1832 0.0113853 -14.5931 0.000404331
600 300 5.82285 0.000107814 -6.63646 0.000396501
60 300 10.9995 0.0005372 -13.7414 0.000225561
625 300 5.7414 8.70174e-05 -6.3264 0.000382844
650 300 5.66405 5.10035e-05 -6.02006 0.000243235
675 300 5.5907 1.81265e-05 -5.71796 0.000187869
700 300 5.52041 5.92128e-05 -5.41736 0.000274189
70 300 10.557 0.000134261 -13.56 0.000121754
725 300 5.4529 8.94502e-05 -5.1185 0.000225782
750 300 5.38779 8.82329e-05 -4.81978 5.3262e-05
775 300 5.32381 5.75172e-05 -4.51704 0.000250049
800 300 5.25903 5.77876e-05 -4.20285 0.000223791
80 300 10.1653 0.000319896 -13.3795 0.000179751
900 300 5.02607 5.7903e-05 -2.98194 0.000273578
90 300 9.83051 0.000355511 -13.208 0.000209972
100 325 9.56648 0.000208835 -13.0484 0.000190488
150 325 8.70001 0.000454398 -12.4107 0.000428157
200 325 8.13302 0.0003475 -11.8157 0.000429989
300 325 7.26971 0.000414867 -10.4955 0.00076741
400 325 6.65558 4.14551e-05 -9.17808 0.000173791
500 325 6.19764 0.000162803 -7.90283 0.000532387
600 325 5.82361 8.2564e-05 -6.62874 0.00033382
100 350 9.57432 0.000324214 -13.0437 0.000201301
150 350 8.70309 0.00055104 -12.4038 0.000488551
200 350 8.13245 0.000947699 -11.8035 0.00115549
300 350 7.27126 0.000296069 -10.4885 0.000508993
400 350 6.65639 0.000252315 -9.16991 0.000271498
500 350 6.19853 0.000121246 -7.89507 0.000418194
600 350 5.82444 0.000118606 -6.62177 0.000431809
100 375 9.58281 0.000304646 -13.0393 0.000227841
150 375 8.70845 0.000465132 -12.3981 0.000394282
200 375 8.13829 0.000400923 -11.8004 0.000704791
300 375 7.27173 0.00012735 -10.4791 0.000290651
400 375 6.65754 0.000176961 -9.1627 0.000471496
500 375 6.1992 0.000182849 -7.88679 0.000413442
600 375 5.82538 0.000151427 -6.61475 0.000581517
1000 400 4.8218 0.000104931 -1.73769 0.000638806
100 400 9.59002 0.000432468 -13.0338 0.00028466
105 400 9.47182 0.000423898 -12.9617 0.000340312
10 400 16.485 0.00243258 -14.4882 0.000371668
110 400 9.36322 0.000301765 -12.8928 4.31668e-05
115 400 9.26295 nan -12.8257 0.000142436
120 400 9.17023 0.00038757 -12.7609 0.00026138
125 400 9.08262 0.000246727 -12.6966 0.000223595
130 400 9.00033 0.000612667 -12.6339 0.00052548
135 400 8.92319 0.000424938 -12.5726 0.00038065
140 400 8.84878 0.000599085 -12.5111 0.000520501
145 400 8.77919 0.000470162 -12.4513 0.000396326
150 400 8.70971 0.00113628 -12.3899 0.00102145
155 400 8.64476 0.00073272 -12.3299 0.000609873
15 400 15.3188 0.00305566 -14.4125 0.000492181
160 400 8.58378 0.000591108 -12.2715 0.000526948
165 400 8.52323 0.000450455 -12.2125 0.000420036
170 400 8.46319 0.000479332 -12.1513 0.000514788
175 400 8.40441 0.00065247 -12.0905 0.00065078
180 400 8.34663 0.000403355 -12.0293 0.000341405
185 400 8.29178 0.000534308 -11.9697 0.000510971
190 400 8.24042 0.000438342 -11.9122 0.00048867
195 400 8.19055 0.000404465 -11.8533 0.000554794
200 400 8.1419 0.000331121 -11.795 0.000442481
205 400 8.09466 0.000472301 -11.7358 0.000708038
20 400 14.0822 0.0055223 -14.3075 0.000502611
210 400 8.04659 0.000356567 -11.6744 0.000627608
215 400 8.00251 0.0006455 -11.6188 0.000919002
220 400 7.95631 0.000721909 -11.5567 0.00124947
225 400 7.90733 0.00111664 -11.4883 0.00173847
230 400 7.85171 0.000664182 -11.4104 0.000933945
235 400 7.80414 0.000716356 -11.3426 0.00104482
240 400 7.76192 0.00108869 -11.2819 0.00150069
245 400 7.71177 0.000766654 -11.2074 0.00109997
250 400 7.66829 0.00054225 -11.1419 0.000834885
255 400 7.62473 0.000523414 -11.0743 0.000827877
25 400 13.2509 0.00198269 -14.2295 0.000192132
260 400 7.58446 0.00057251 -11.0112 0.000879229
265 400 7.54194 0.000896499 -10.9424 0.0012825
270 400 7.49903 0.000385401 -10.8725 0.000638858
275 400 7.46367 0.000840587 -10.8112 0.0010125
280 400 7.42835 0.000468641 -10.7483 0.000832998
285 400 7.38928 0.000560866 -10.6808 0.000870794
290 400 7.34982 0.000302974 -10.6111 0.000528191
295 400 7.31228 0.000354523 -10.5436 0.000639525
300 400 7.27589 0.000440766 -10.4768 0.000819152
305 400 7.23962 0.000291356 -10.4094 0.000577035
30 400 12.7479 0.000670327 -14.1627 0.00014191
310 400 7.20324 0.00026321 -10.3406 0.000483682
315 400 7.16838 0.000222064 -10.2737 0.000507923
320 400 7.13365 0.000204864 -10.2057 0.000470991
325 400 7.09955 0.000234968 -10.138 0.000463968
330 400 7.06691 0.000408719 -10.0718 0.000893093
335 400 7.03362 0.000161318 -10.0037 0.000407786
340 400 7.00115 0.000237787 -9.93622 0.00048837
345 400 6.97071 0.000372315 -9.87176 0.000780563
350 400 6.93984 0.000215358 -9.8058 0.000453017
35 400 12.3554 0.000958756 -14.0905 0.000280245
360 400 6.8786 0.000278595 -9.67143 0.000704995
370 400 6.8213 0.000259936 -9.54217 0.000513308
380 400 6.76459 0.00029955 -9.41074 7.26206e-05
390 400 6.71106 0.000107349 -9.28279 0.000286699
400 400 6.65802 0.000134765 -9.1532 0.000416283
40 400 12.0327 0.00171031 -14.0217 0.000611693
410 400 6.60713 0.000163572 -9.02553 0.000415406
420 400 6.5573 0.000218876 -8.89734 0.000587905
430 400 6.50881 0.000159973 -8.76924 0.00050495
440 400 6.46153 0.000185961 -8.64152 0.000545442
450 400 6.41578 0.000185121 -8.51478 0.00056516
500 400 6.19965 0.000117076 -7.87788 0.000396608
50 400 11.4699 0.000926661 -13.8634 0.000407293
550 400 6.00365 0.00018214 -7.23991 nan
5 400 19.4434 0.116402 -14.5571 0.0020431
600 400 5.82624 0.0001576 -6.6077 0.000113618
60 400 10.9842 0.000487894 -13.6942 0.000243741
650 400 5.66709 7.71062e-05 -5.99175 0.000324755
700 400 5.52299 7.70914e-05 -5.38897 0.000319157
70 400 10.5655 0.000410503 -13.5257 0.000252868
750 400 5.39043 7.56247e-05 -4.79283 0.000375218
800 400 5.26611 7.13093e-05 -4.19539 0.000367023
80 400 10.1895 0.000275048 -13.3542 0.000212067
900 400 5.0322 0.00010896 -2.97246 0.000773166
90 400 9.86208 0.00049574 -13.1877 0.000259274
100 425 9.59695 0.000353213 -13.0287 0.000243628
150 425 8.71569 0.000656799 -12.385 0.000597892
200 425 8.14676 0.000212483 -11.7889 0.000251913
300 425 7.27812 0.000465991 -10.4706 0.000875721
400 425 6.65916 0.000150984 -9.14583 0.00041618
500 425 6.20047 0.000110718 -7.87043 0.000412944
100 450 9.60539 0.000488978 -13.024 0.000137254
150 450 8.72014 0.000528928 -12.3791 0.000508954
200 450 8.15034 0.000126907 -11.7838 0.000332599
300 450 7.27944 0.000256212 -10.4631 0.000478613
400 450 6.65973 0.000101455 -9.13679 0.000332728
500 450 6.20102 0.000152169 -7.86179 0.000284497
600 450 5.82839 0.000169581 -6.59532 0.000628516
100 475 9.61192 0.000156788 -13.0183 0.000227681
150 475 8.723 0.000534221 -12.3718 0.000476713
200 475 8.15201 0.000487159 -11.7742 0.000655935
300 475 7.2809 0.00021201 -10.4554 0.000458656
400 475 6.6611 0.000237369 -9.12948 0.00066034
500 475 6.2018 0.000145596 -7.85357 0.000558497
600 475 5.82899 0.00013407 -6.58762 0.000529016
1000 500 4.81722 0.00064928 -1.67827 0.0017004
100 500 9.61902 0.00063486 -13.0126 4.20256e-05
10 500 16.6731 0.00761709 -14.4488 0.000461966
110 500 9.38899 0.000375265 -12.8704 0.000287041
125 500 9.10392 0.000487894 -12.673 0.000399215
150 500 8.72831 0.000599806 -12.3663 0.000545592
15 500 15.436 0.00378367 -14.3797 0.000289428
175 500 8.42241 0.000420912 -12.0686 0.000426426
200 500 8.15703 0.000512422 -11.7699 0.000660981
20 500 14.39 0.00402959 -14.2917 0.000414143
225 500 7.91486 0.000721216 -11.4575 0.000959006
250 500 7.67797 0.000691438 -11.1162 0.00102214
25 500 13.4803 0.00301501 -14.2053 0.000353486
300 500 7.28397 0.000198229 -10.4513 0.000398864
30 500 12.8651 0.00165499 -14.1296 0.000322593
350 500 6.94471 0.000236584 -9.77529 0.000680677
35 500 12.4229 0.00175704 -14.0546 0.000441849
400 500 6.66139 0.000210628 -9.12075 0.000558291
40 500 12.0591 0.00141806 -13.9774 0.000474319
450 500 6.4184 0.000114041 -8.48183 0.000462382
500 500 6.20228 0.000143737 -7.84523 0.000313508
50 500 11.4642 0.000552325 -13.8146 0.000280279
550 500 6.00679 0.000163942 -7.20933 0.000583903
5 500 20.5426 0.0392643 -14.5183 0.000937197
600 500 5.82992 8.12505e-05 -6.58043 0.000457334
60 500 10.9881 0.000484858 -13.6536 0.000278077
650 500 5.67077 6.42289e-05 -5.96599 0.000184181
700 500 5.5262 6.66064e-05 -5.36239 0.000305274
70 500 10.5796 0.000340549 -13.4925 0.00015085
750 500 5.3934 8.13026e-05 -4.76609 0.000351607
800 500 5.26955 0.000100426 -4.1721 0.000491796
80 500 10.2131 0.000592911 -13.3277 0.000334314
900 500 5.03762 0.000114186 -2.95727 0.000623548
90 500 9.89156 0.000459999 -13.1653 0.000296234
100 525 9.62514 0.000388454 -13.0065 0.00027721
150 525 8.73175 0.00053401 -12.3595 0.000432344
200 525 8.15935 0.000616369 -11.7622 0.000665493
300 525 7.28497 0.000537493 -10.4428 0.000991552
400 525 6.66272 0.000170929 -9.11286 7.48435e-05
500 525 6.20308 0.000129861 -7.83696 0.000517004
600 525 5.83097 nan -6.57467 0.000178375
100 550 9.63134 0.000400492 -13.0003 0.000296205
150 550 8.73759 0.000488073 -12.3547 0.000455666
200 550 8.16285 0.000651468 -11.7559 0.000582273
300 550 7.28773 0.000447261 -10.4376 0.000792587
400 550 6.6636 0.000228923 -9.10496 0.000589583
500 550 6.20383 0.000182527 -7.82973 0.000626138
600 550 5.83192 0.000105704 -6.56759 0.000446633
100 575 9.6389 0.000688447 -12.9946 0.000460853
150 575 8.74068 0.000716387 -12.3468 0.000708957
200 575 8.1657 0.00055121 -11.7491 0.000859335
300 575 7.28964 0.000789619 -10.4315 0.00127587
400 575 6.66404 0.00044177 -9.09674 0.000909471
500 575 6.20455 0.000111415 -7.82095 0.000420178
600 575 5.83285 0.000150951 -6.56115 0.000632211
1000 600 4.82194 0.000755818 -1.65983 0.00216836
100 600 9.64509 0.000675748 -12.9886 0.000424397
105 600 9.52598 0.000558794 -12.917 0.00039743
10 600 17.5799 0.0579891 -14.4019 0.00095232
110 600 9.41399 0.000316766 -12.8466 0.000275739
115 600 9.30991 0.000655825 -12.7785 0.000159816
120 600 9.21509 0.000616794 -12.7134 0.000352708
125 600 9.12594 0.000103616 -12.649 5.63905e-05
130 600 9.04048 0.000242562 -12.5852 0.000190392
135 600 8.96138 0.000601065 -12.5228 0.000549857
140 600 8.88687 0.000635232 -12.463 0.000567928
145 600 8.8137 0.000760693 -12.4009 0.00075028
150 600 8.74506 0.000591251 -12.3411 0.000597698
155 600 8.67903 0.000772868 -12.2806 0.000794664
15 600 15.6138 0.0054707 -14.3447 0.000377467
160 600 8.61446 0.000551686 -12.221 0.000526805
165 600 8.5528 0.00115986 -12.1614 0.00104303
170 600 8.49391 0.000385545 -12.1021 0.000395514
175 600 8.43552 0.000673675 -12.0418 0.000698966
180 600 8.38102 0.000163059 -11.9842 0.0001721
185 600 8.32531 0.00061515 -11.9231 0.000546999
190 600 8.27304 0.000608339 -11.8641 0.000518443
195 600 8.21946 0.000607125 -11.8026 0.00061674
200 600 8.16934 0.000345166 -11.7436 0.000425321
205 600 8.11968 0.000396369 -11.6833 0.000376154
20 600 14.5897 0.00323463 -14.2696 0.000375536
210 600 8.07103 0.000658067 -11.6224 0.000381262
215 600 8.02303 0.000138429 -11.5607 0.000675319
220 600 7.97572 0.000376354 -11.4982 0.000569841
225 600 7.92826 0.000344265 -11.4348 0.000325935
230 600 7.88029 0.000672558 -11.369 0.000904513
235 600 7.83 0.000873434 -11.2984 0.00110723
240 600 7.78429 0.000930669 -11.233 0.00114999
245 600 7.73745 0.00125031 -11.165 0.00173595
250 600 7.69153 0.000743889 -11.0967 0.000995445
255 600 7.64836 0.000927743 -11.0304 0.0012875
25 600 13.7041 0.00293254 -14.1834 0.00029965
260 600 7.6029 0.000662923 -10.9593 0.00085802
265 600 7.56028 0.000709751 -10.8914 0.00115323
270 600 7.51886 0.000509712 -10.8241 0.000716894
275 600 7.47679 0.000218906 -10.7545 0.000438258
280 600 7.43627 0.000509729 -10.6862 0.000918005
285 600 7.40278 0.00121883 -10.6258 0.00167505
290 600 7.35926 0.000388505 -10.5524 0.000769013
295 600 7.3276 0.000425581 -10.49 0.000619898
300 600 7.2886 0.000645883 -10.4213 0.000917597
305 600 7.25368 0.000432029 -10.3542 0.000808704
30 600 13.0126 0.00170913 -14.0991 0.00045914
310 600 7.21798 0.000431635 -10.2871 0.000758725
315 600 7.18215 0.000462168 -10.2185 0.000905893
320 600 7.1468 0.000382963 -10.15 0.000756608
325 600 7.11239 0.000362615 -10.0816 0.000744392
330 600 7.07977 0.000560481 -10.0162 0.00112771
335 600 7.04592 0.000417819 -9.94684 0.000843166
340 600 7.01337 0.000394598 -9.87993 0.000867326
345 600 6.98099 0.000419377 -9.81125 0.00087746
350 600 6.9509 0.000436456 -9.74743 0.000945852
35 600 12.4933 0.00250186 -14.0162 0.000681253
360 600 6.89019 0.000437576 -9.61476 0.00104087
370 600 6.83071 0.000333299 -9.48073 0.000815173
375 600 6.80188 0.000265657 -9.41475 0.00062688
380 600 6.77387 0.000263369 -9.34987 0.000630238
390 600 6.71847 0.000159727 -9.21833 0.000400846
400 600 6.66575 0.000200508 -9.0894 0.000537321
40 600 12.0939 0.00179985 -13.9343 0.000603687
410 600 6.61353 0.000266226 -8.95948 0.000361577
420 600 6.56367 0.000311841 -8.83093 0.000825198
425 600 6.5387 0.000281126 -8.7658 0.000610231
430 600 6.51498 0.00024315 -8.70367 0.00071485
440 600 6.46725 0.000257268 -8.57447 nan
450 600 6.42106 0.000202731 -8.44716 0.000194793
475 600 6.31004 0.000209965 -8.12957 0.000672973
500 600 6.20526 0.000132125 -7.81363 nan
50 600 11.4769 0.000749722 -13.7715 0.000348224
525 600 6.10524 6.85895e-05 -7.49621 0.000166521
550 600 6.01035 5.335e-05 -7.18056 0.000293264
575 600 5.91976 0.00016759 -6.86553 0.00066371
5 600 21.13 0.0115491 -14.4772 0.00058544
600 600 5.83375 0.00022205 -6.55385 0.000863057
60 600 11.0023 0.000387513 -13.6163 0.000217687
625 600 5.75191 0.000218037 -6.24471 0.000896633
650 600 5.6743 0.000184104 -5.93908 0.00077943
675 600 5.60011 0.000182159 -5.63616 0.000803315
700 600 5.52939 0.000115424 -5.33598 0.000531786
70 600 10.5971 0.000539448 -13.4591 0.000194413
725 600 5.46174 0.000120809 -5.03745 0.000585522
750 600 5.39627 8.34454e-05 -4.73964 0.000404848
775 600 5.33343 5.73253e-05 -4.44382 0.000297124
800 600 5.27253 8.61467e-05 -4.14733 0.000429293
80 600 10.2376 0.00100135 -13.2997 0.000504619
900 600 5.04364 4.8027e-05 -2.94657 0.000376111
90 600 9.91888 0.00033239 -13.1406 0.000202123
1000 700 4.82271 0.00023113 -1.63562 0.000834202
100 700 9.6716 0.000263386 -12.9642 0.000144469
10 700 18.1756 0.027897 -14.3655 0.00102174
110 700 9.43854 0.000683809 -12.8222 0.00041702
125 700 9.14657 0.000497096 -12.6236 0.000442622
150 700 8.76275 0.000265362 -12.3157 0.000211076
15 700 15.8859 0.0127283 -14.3002 0.000607817
175 700 8.4521 0.000675779 -12.0187 0.000677464
200 700 8.1819 0.000611137 -11.7176 0.000734916
20 700 14.7776 0.00511665 -14.2434 0.000402156
225 700 7.93885 0.000607254 -11.4073 0.000805858
250 700 7.70371 0.000896365 -11.0732 0.00114156
25 700 13.9025 0.00497142 -14.1617 0.00057065
300 700 7.29555 0.000371613 -10.3926 0.000622128
30 700 13.1638 0.00362161 -14.073 0.000562398
350 700 6.95527 9.64152e-05 -9.71502 0.000177465
35 700 12.5828 0.00223536 -13.9814 0.000376306
400 700 6.66941 0.000205467 -9.05737 0.000431074
40 700 12.1449 0.00189191 -13.8943 0.000578776
450 700 6.42403 0.000244279 -8.4146 0.000649395
500 700 6.2079 0.000154305 -7.7808 0.000557457
50 700 11.4997 0.00125391 -13.7317 0.000459064
550 700 6.01373 0.000307954 -7.15188 nan
5 700 21.6308 0.0118438 -14.4394 0.000396622
600 700 5.83726 0.000264718 -6.52626 0.000433408
60 700 11.0223 0.000714229 -13.579 0.000275197
650 700 5.67773 0.000193865 -5.91238 0.000485121
700 700 5.53272 0.000178043 -5.30945 nan
70 700 10.6198 0.000124654 -13.4263 0.000272762
750 700 5.39933 0.000140963 -4.71373 0.000565994
800 700 5.27556 7.60262e-05 -4.12105 nan
80 700 10.262 6.78495e-05 -13.2702 9.60276e-05
900 700 5.04767 9.49394e-05 -2.926 0.000546325
90 700 9.9466 0.000468069 -13.1141 0.000518146
100 75 9.4597 0.000317398 -13.0795 0.000208148
150 75 8.66095 0.000230368 -12.4751 0.000215588
200 75 8.09969 8.42322e-05 -11.8742 0.000109021
300 75 7.24306 0.000415627 -10.5511 0.000772169
400 75 6.64562 9.96053e-05 -9.25536 0.00024629
500 75 6.19195 5.80604e-05 -7.98678 0.000174136
600 75 5.81634 0.000102991 -6.70336 0.000345326
1000 800 4.82896 0.000958979 -1.61318 0.00376491
100 800 9.69861 0.00106676 -12.9378 0.000655287
105 800 9.57734 0.000499778 -12.8663 0.000642829
10 800 18.4763 0.0139214 -14.3279 0.000626018
110 800 9.46314 0.000560171 -12.7965 0.000620771
115 800 9.35758 0.00034784 -12.7287 0.00026133
120 800 9.25985 0.000511915 -12.6627 0.000464783
125 800 9.16876 0.000602186 -12.5979 0.000605988
130 800 9.08237 0.000767964 -12.5358 0.000678447
135 800 9.00025 0.000626612 -12.4727 0.000516917
140 800 8.92408 0.000568439 -12.4115 0.000527876
145 800 8.84917 0.000307915 -12.3494 0.000398606
150 800 8.77783 0.000168133 -12.2887 0.000359984
155 800 8.7122 0.000725219 -12.2296 0.000507021
15 800 16.4408 0.0109932 -14.2428 0.00071744
160 800 8.64678 0.00068446 -12.1694 0.000473024
165 800 8.58626 0.000556923 -12.1118 0.000432961
170 800 8.52435 0.000561096 -12.0507 0.000426905
175 800 8.46588 0.00066933 -11.9912 0.000310345
180 800 8.40733 0.000564126 -11.9309 0.000546651
185 800 8.35284 0.00011357 -11.8717 0.000274605
190 800 8.29726 0.000871471 -11.81 0.000720772
195 800 8.2449 0.000502335 -11.7502 0.000425532
200 800 8.1945 0.000632967 -11.6917 0.000671551
205 800 8.14373 0.000143354 -11.6294 0.000241291
20 800 15.0473 0.00649228 -14.1992 0.000727589
210 800 8.09421 0.000567391 -11.5688 0.000501711
215 800 8.04568 0.00037261 -11.5064 0.00056957
220 800 7.99744 0.000275832 -11.4444 0.000394411
225 800 7.9502 0.000352477 -11.3811 0.000502053
230 800 7.90264 0.000711821 -11.3167 0.000960832
235 800 7.8574 0.000404796 -11.2528 0.000574258
240 800 7.81015 0.000633676 -11.1867 0.000920103
245 800 7.75969 0.000866535 -11.1146 0.0011965
250 800 7.71524 0.00109305 -11.0487 0.00149356
255 800 7.67143 0.000847292 -10.9817 0.00101404
25 800 14.1178 0.00511256 -14.1298 0.000458303
260 800 7.62225 0.00069793 -10.9071 0.00106054
265 800 7.57973 0.000755771 -10.839 0.00103149
270 800 7.53823 0.000746589 -10.7734 0.00101561
275 800 7.49664 0.000709552 -10.7048 0.00108951
280 800 7.45583 0.000647315 -10.6362 0.00101232
285 800 7.41581 0.000778165 -10.5676 0.00111179
290 800 7.37462 0.000395469 -10.4959 0.000767061
295 800 7.33691 0.000637414 -10.429 0.000977537
300 800 7.30385 0.000641567 -10.3655 0.00100193
305 800 7.26795 0.000477233 -10.2978 0.000901357
30 800 13.3019 0.00321201 -14.0444 0.000609775
310 800 7.22871 0.000863869 -10.2277 0.00116593
315 800 7.19546 0.000544342 -10.1606 0.00104511
320 800 7.15774 0.000522479 -10.0898 0.000956434
325 800 7.12536 0.000584717 -10.0244 0.00107615
330 800 7.09174 0.000639695 -9.95755 0.00121968
335 800 7.05766 0.000524148 -9.88861 0.00112249
340 800 7.0253 0.000504735 -9.82149 0.00103974
345 800 6.99237 0.000410272 -9.75273 0.000872807
350 800 6.9603 0.000374268 -9.68407 0.000813813
35 800 12.6891 0.00261771 -13.9472 0.000647897
360 800 6.89913 0.000334514 -9.55169 0.000728702
370 800 6.84 0.000296169 -9.41866 0.000714858
380 800 6.78212 0.00014317 -9.28636 0.000409731
390 800 6.72652 0.000221668 -9.15425 0.000210222
400 800 6.67262 0.000145394 -9.02441 0.000259264
40 800 12.2014 0.00175796 -13.8568 0.000510244
410 800 6.62058 0.000228675 -8.89486 0.00019283
420 800 6.57069 0.000172301 -8.7668 0.000483317
430 800 6.52107 0.00014631 -8.63758 0.000263055
440 800 6.4734 8.47355e-05 -8.50946 0.000589209
450 800 6.4267 0.000197526 -8.38138 0.000682736
500 800 6.21088 0.000119437 -7.74917 0.000433911
50 800 11.5316 0.0012655 -13.6935 0.000425715
550 800 6.01655 0.000242807 -7.12103 0.000862975
5 800 22.0636 0.00997761 -14.3998 0.000610265
600 800 5.84107 0.000276524 -6.50011 0.00108416
60 800 11.0488 0.00112064 -13.5444 0.000526065
650 800 5.68137 0.000203491 -5.88653 0.000873783
700 800 5.53612 0.000194145 -5.28355 0.000918421
70 800 10.6448 0.00101937 -13.3934 0.000522872
750 800 5.40256 0.000106502 -4.68731 0.000544051
800 800 5.27843 0.000227596 -4.09433 0.000628858
80 800 10.2878 0.000655173 -13.24 0.00038016
900 800 5.05074 0.000196588 -2.90047 nan
90 800 9.97303 0.000517685 -13.0868 0.000357018
1000 900 4.84223 0.00018322 -1.5897 0.00149897
100 900 9.72478 0.000703879 -12.9111 0.00037233
10 900 18.7738 0.00670256 -14.2922 0.000501417
110 900 9.48861 0.000622634 -12.771 0.000683674
125 900 9.19009 0.000588839 -12.5728 0.000702071
150 900 8.7966 0.00069615 -12.2629 0.000689367
15 900 16.8605 0.0262848 -14.2111 0.000759599
175 900 8.48051 0.000397607 -11.9655 0.000501696
200 900 8.20553 0.000519285 -11.6631 0.000478602
20 900 15.5272 0.00805641 -14.1337 0.000808051
225 900 7.96089 0.000678443 -11.3545 0.000632822
250 900 7.72573 0.00057878 -11.0215 0.000626693
25 900 14.3566 0.00738592 -14.0916 0.000900532
300 900 7.30827 0.000284198 -10.335 0.000653885
30 900 13.4699 0.00518539 -14.0139 0.000656974
350 900 6.9662 0.000380796 -9.6556 0.000861717
35 900 12.785 0.00308501 -13.9168 0.000852322
400 900 6.67661 0.000316981 -8.99256 0.000841061
40 900 12.268 0.00216268 -13.8221 0.00053671
450 900 6.43003 0.000185622 -8.34985 0.000624258
500 900 6.21383 0.000247004 -7.71738 0.000840153
50 900 11.5738 0.00036419 -13.6593 0.000284835
550 900 6.02001 8.37943e-05 -7.09243 0.000268133
5 900 22.5272 0.0112795 -14.3661 0.000619329
600 900 5.84479 nan -6.47305 nan
60 900 11.079 0.00071708 -13.5097 0.000345059
650 900 5.68498 9.05801e-06 -5.85991 0.000460759
700 900 5.53924 0.000145773 -5.25576 0.000703549
70 900 10.6711 0.000894778 -13.3617 0.000422747
750 900 5.4055 0.000186852 -4.65964 0.00086968
800 900 5.28087 0.000204264 -4.06327 0.00109007
80 900 10.3147 0.00107357 -13.2103 0.000639629
900 900 5.05266 0.000213463 -2.86665 0.001485
90 900 10.0009 0.000791876 -13.059 0.000482171
