# P[GPa] T[K] volume[A^3/molecule] PE[eV/molecule]
100 1000 9.75307 0.000732048 -12.8849 0.000551524
105 1000 9.62816 0.000784373 -12.8143 0.000530475
110 1000 9.51353 0.000493489 -12.7453 0.000453195
115 1000 9.40698 0.000133066 -12.6783 0.000263706
120 1000 9.30619 0.000462021 -12.6111 0.000239282
125 1000 9.21157 0.000315601 -12.5462 0.000179634
130 1000 9.12402 0.000575386 -12.483 0.000689148
135 1000 9.04071 0.000724366 -12.4205 0.000721091
140 1000 8.9618 9.32534e-05 -12.3589 0.00032672
145 1000 8.88626 0.000552723 -12.2975 0.000552636
150 1000 8.81553 0.000463358 -12.2377 0.000474077
155 1000 8.74616 0.00069399 -12.1769 0.000664144
160 1000 8.68115 0.000746955 -12.1181 0.000744084
165 1000 8.6171 0.000680362 -12.0589 0.00069998
170 1000 8.5549 0.000666458 -11.9983 0.000739925
175 1000 8.49533 0.000588733 -11.9388 0.00059814
180 1000 8.43854 0.000656143 -11.8804 0.000715684
185 1000 8.38058 0.00059082 -11.8187 0.000663019
190 1000 8.32566 0.000576069 -11.7583 0.000704009
195 1000 8.2729 0.000657357 -11.6989 0.000823231
200 1000 8.21946 0.000503919 -11.637 0.000628468
225 1000 7.97122 0.00089948 -11.3256 0.000997388
250 1000 7.74017 0.000964144 -10.9993 0.0012437
275 1000 7.51313 6.6593e-05 -10.6488 0.000368649
300 1000 7.31285 0.000587129 -10.3022 0.000258274
325 1000 7.13135 0.000458053 -9.95908 0.000721309
350 1000 6.96519 0.000441084 -9.61927 0.000675677
375 1000 6.81212 0.000298266 -9.28131 0.000660571
400 1000 6.67233 7.87384e-05 -8.95073 0.000272299
425 1000 6.54261 0.000312775 -8.62312 0.000859914
450 1000 6.42201 0.000415127 -8.29854 0.00119272
475 1000 6.30911 0.000425921 -7.97757 0.00123914
500 1000 6.20332 0.000313296 -7.66133 0.000995875
50 1000 11.6171 0.000263137 -13.6251 0.000129629
525 1000 6.10302 0.000347045 -7.34516 0.00116765
550 1000 6.00822 0.000198991 -7.03192 0.000751654
575 1000 5.91846 2.7648e-05 -6.72114 0.000120047
600 1000 5.83312 nan -6.41262 0.00014566
625 1000 5.75201 0.000108024 -6.10836 0.000433323
650 1000 5.67476 0.000152981 -5.80401 0.000736532
660 1000 5.64489 nan -5.68406 nan
675 1000 5.60074 5.93176e-05 -5.50304 0.00013991
690 1000 5.55812 nan -5.32315 nan
700 1000 5.52999 0.000139633 -5.20386 0.000656337
710 1000 5.50242 0.000110684 -5.0834 0.000628634
725 1000 5.46188 nan -4.90454 0.000351415
735 1000 5.4354 nan -4.7855 0.000346468
750 1000 5.39637 9.00241e-05 -4.60602 nan
75 1000 10.5157 0.000409973 -13.2542 0.000408638
760 1000 5.37067 0.000158881 -4.48667 0.00095122
775 1000 5.33306 nan -4.30834 0.000257186
785 1000 5.30831 8.98845e-05 -4.18898 0.000654025
800 1000 5.27137 0.000254143 -4.00779 0.000940009
100 100 9.47431 0.000136681 -13.0788 9.39978e-05
125 100 9.0091 0.000342001 -12.7601 0.000269601
150 100 8.66645 0.000160106 -12.4703 0.000157868
175 100 8.35173 0.000333828 -12.1536 9.45626e-05
200 100 8.10525 0.000215949 -11.8686 0.000257137
225 100 7.8886 8.03243e-05 -11.5833 0.000112938
250 100 7.63092 7.97669e-05 -11.2016 0.000130833
275 100 7.42799 9.65239e-05 -10.8712 0.000171706
300 100 7.24108 8.02149e-05 -10.5376 0.00014865
325 100 7.06874 6.47609e-05 -10.2033 0.000127254
350 100 6.91217 1.81344e-05 -9.87512 4.51732e-05
375 100 6.76902 6.32784e-05 -9.55243 0.00016135
400 100 6.63771 6.88769e-05 -9.23577 0.000176461
425 100 6.51519 5.28483e-05 -8.92088 0.000132929
450 100 6.39773 4.39686e-05 -8.60042 0.00015174
475 100 6.28537 4.85559e-05 -8.27656 0.000145499
500 100 6.17835 8.24772e-05 -7.9514 0.000254893
50 100 11.5324 0.000315829 -14.0115 0.00010205
525 100 6.07742 7.74782e-05 -7.62903 0.000268166
550 100 5.98251 5.22734e-05 -7.31081 0.000189455
575 100 5.89378 7.26937e-05 -6.99959 0.000257899
600 100 5.80975 0.000121396 -6.69141 0.000477903
625 100 5.73004 0.000216591 -6.38637 0.000846711
650 100 5.63034 0.000136176 -5.99198 0.000531058
660 100 5.60001 9.29419e-05 -5.86816 0.000354107
675 100 5.55367 4.71576e-05 -5.67633 0.000195166
690 100 5.51039 5.94252e-05 -5.49285 0.000259965
700 100 5.48276 5.71854e-05 -5.37346 0.000246757
710 100 5.45563 4.67422e-05 -5.25472 0.000201595
725 100 5.41622 2.69979e-05 -5.07881 0.000121934
735 100 5.39104 4.8381e-05 -4.9645 0.000223045
750 100 5.35375 5.03883e-05 -4.79166 2.76314e-05
75 100 10.3441 0.000282326 -13.5373 0.000148176
760 100 5.32955 5.2857e-05 -4.67781 2.94881e-05
775 100 5.29431 3.94757e-05 -4.50735 0.000212948
785 100 5.27098 2.50872e-05 -4.39408 0.000126573
800 100 5.23675 3.39094e-05 -4.22505 0.000169752
100 1100 9.78001 0.000878325 -12.8579 0.000609446
125 1100 9.23475 0.000126233 -12.5206 0.000318565
150 1100 8.8325 0.000311363 -12.2109 0.000681937
175 1100 8.50985 0.000526602 -11.9123 0.000635495
200 1100 8.23278 0.000494032 -11.6106 0.000575204
225 1100 7.98198 0.000611865 -11.2976 0.00081063
250 1100 7.75235 0.00065069 -10.9729 0.000966659
275 1100 7.53313 0.000862605 -10.6336 0.00118861
300 1100 7.32118 0.000383942 -10.2753 0.000764509
325 1100 7.13855 0.000312133 -9.93187 0.00084302
350 1100 6.97045 0.000560321 -9.58873 0.000877017
375 1100 6.81723 0.000502432 -9.25162 0.000849619
400 1100 6.67584 0.000390099 -8.91741 0.000800419
425 1100 6.54613 0.000345141 -8.59152 0.000826974
450 1100 6.42549 0.000246673 -8.26797 0.000784659
475 1100 6.31242 0.000183875 -7.94604 0.00057968
500 1100 6.20644 0.00031775 -7.62881 0.000988884
50 1100 11.6736 0.00116769 -13.5881 0.000605026
525 1100 6.10605 0.000290003 -7.31292 0.000936971
550 1100 6.01125 0.000361825 -7.00146 0.00124541
575 1100 5.92169 0.000343662 -6.68988 0.00125465
600 1100 5.83616 0.000332962 -6.38311 0.00125159
625 1100 5.75496 0.000253543 -6.07662 0.00103663
650 1100 5.67753 0.000222508 -5.77304 0.00096052
660 1100 5.64739 0.000250869 -5.65218 0.00110044
675 1100 5.60333 0.000209339 -5.47095 0.000927131
690 1100 5.56049 0.000179118 -5.29053 0.000923266
700 1100 5.53246 0.000141003 -5.17097 0.000743638
710 1100 5.50509 0.000125017 -5.05191 0.000851849
725 1100 5.46427 8.86329e-05 -4.87148 0.000743837
735 1100 5.43766 0.00012814 -4.75156 0.000726508
750 1100 5.3982 0.000109155 -4.56915 0.00101916
75 1100 10.5451 0.000857617 -13.2236 0.000688965
760 1100 5.37239 9.31344e-05 -4.4496 0.000857184
775 1100 5.33419 0.000204412 -4.2673 0.0015646
785 1100 5.30889 0.000193165 -4.1431 0.00158681
800 1100 5.27264 3.92782e-05 -3.96635 0.000978329
100 1200 9.80727 0.000628758 -12.8305 0.000402323
125 1200 9.25756 0.000945859 -12.4945 0.000770854
150 1200 8.84992 0.000470852 -12.1835 0.00081958
175 1200 8.52219 0.000390106 -11.8826 0.000784502
200 1200 8.2449 0.000343508 -11.5829 0.000248487
225 1200 7.99308 0.000342016 -11.2697 0.000587688
250 1200 7.7608 0.000551898 -10.9445 0.000780639
275 1200 7.53909 0.00127886 -10.6019 0.0015417
300 1200 7.32887 0.000656533 -10.2462 0.00126732
325 1200 7.14406 0.000531285 -9.90102 0.00114496
350 1200 6.97661 0.000367082 -9.5601 0.000931892
375 1200 6.82261 0.000201466 -9.2226 0.000511012
400 1200 6.6806 0.000552794 -8.88772 0.0010409
425 1200 6.54971 0.000561042 -8.55794 0.0010423
450 1200 6.42892 0.000374293 -8.2356 0.000880047
475 1200 6.31576 0.000266829 -7.91375 0.000887931
500 1200 6.20928 0.000237369 -7.59634 0.000859155
50 1200 11.7344 0.00213236 -13.5527 0.000722328
525 1200 6.10896 0.000174964 -7.28168 0.000372532
550 1200 6.01386 0.000115931 -6.96665 0.000591045
575 1200 5.92424 0.000279617 -6.65841 0.000981134
600 1200 5.83903 0.000236633 -6.34982 0.00102859
625 1200 5.75762 0.000251875 -6.04383 0.00106752
650 1200 5.67981 0.000284508 -5.73831 0.00120733
660 1200 5.64974 0.000232964 -5.61642 0.0011243
675 1200 5.60517 0.000317674 -5.43215 0.00177486
690 1200 5.56252 0.000217032 -5.25238 0.001424
700 1200 5.53401 0.000270999 -5.13069 0.00171604
710 1200 5.50678 0.000302181 -5.01298 0.00148339
725 1200 5.4653 0.000256161 -4.82636 0.00166443
735 1200 5.43858 0.000308155 -4.70589 0.00211794
750 1200 5.39864 0.000244689 -4.52082 0.00169902
75 1200 10.5762 0.00130985 -13.1935 0.000805023
760 1200 5.37317 0.000334647 -4.40186 0.0021847
775 1200 5.33489 0.000355769 -4.21941 0.00244695
785 1200 5.30933 0.000301038 -4.09372 0.00202568
800 1200 5.27019 0.000295256 -3.88987 0.0020276
100 1250 9.82118 0.000695454 -12.8176 0.00034557
125 1250 9.26827 0.000833043 -12.4817 0.000690096
150 1250 8.8602 0.000371736 -12.1718 0.000108846
200 1250 8.25068 0.000497447 -11.5674 0.00080854
250 1250 7.76504 0.00030871 -10.9298 0.000406553
300 1250 7.33517 0.000518039 -10.2367 0.00100741
350 1250 6.97996 0.000424282 -9.54591 0.00098649
400 1250 6.683 0.000258296 -8.87185 0.000782431
450 1250 6.43025 0.000496669 -8.21747 0.00100512
500 1250 6.21068 0.000358235 -7.5794 0.000929933
600 1250 5.83983 0.000108676 -6.32979 0.000987997
700 1250 5.53466 0.000262476 -5.10725 0.00151102
800 1250 5.26997 0.000365968 -3.86141 0.00275078
100 1300 9.83568 0.000838697 -12.8038 0.000838057
125 1300 9.27985 0.000856759 -12.4674 0.00077931
150 1300 8.86857 0.000364747 -12.1579 0.000442672
175 1300 8.5389 0.000373363 -11.857 0.000839432
200 1300 8.25623 0.000647932 -11.5548 0.000915997
225 1300 8.00362 0.000452712 -11.2419 0.0008574
250 1300 7.76897 0.000728572 -10.915 0.00113455
275 1300 7.54328 0.000577097 -10.5685 0.000814016
300 1300 7.3376 0.000442154 -10.2195 0.000851108
325 1300 7.15171 0.000318791 -9.87306 0.000907568
350 1300 6.98218 0.000737824 -9.52867 0.00158307
375 1300 6.82751 0.000564957 -9.19112 0.00132586
400 1300 6.68526 0.000350693 -8.85729 0.000942503
425 1300 6.55406 0.000216492 -8.52736 0.000656272
450 1300 6.43246 0.000435047 -8.20313 0.00100035
475 1300 6.31891 0.000443703 -7.88154 0.00104786
500 1300 6.21227 0.000481763 -7.56299 0.0010955
50 1300 11.8094 0.00270636 -13.5149 0.000876011
525 1300 6.11158 0.000359797 -7.24688 0.000994182
550 1300 6.01663 0.000338608 -6.93335 0.00105278
575 1300 5.92677 0.000235726 -6.62256 0.000940115
600 1300 5.84112 0.00023214 -6.31304 0.00102691
625 1300 5.75973 0.00014964 -6.00677 0.000382517
650 1300 5.68196 4.69012e-05 -5.70033 0.000760523
660 1300 5.65175 0.000173694 -5.5778 0.000737311
675 1300 5.6063 0.000150217 -5.38634 0.00142256
690 1300 5.56335 0.000192365 -5.20634 0.0018046
700 1300 5.53553 0.000213821 -5.08785 0.00158602
710 1300 5.50735 0.000253049 -4.96322 0.00223075
725 1300 5.46513 0.000267084 -4.76993 0.00248804
735 1300 5.43759 0.000286151 -4.64151 0.00254009
750 1300 5.39784 0.000268624 -4.45668 0.00208319
75 1300 10.6102 0.00156974 -13.1604 0.000837584
760 1300 5.37147 0.000275836 -4.33259 0.00215971
775 1300 5.33188 0.000356235 -4.13632 0.00290762
785 1300 5.30753 0.000270885 -4.02066 0.00213681
800 1300 5.26814 0.000340507 -3.81634 0.00287166
100 1400 9.86283 0.00103755 -12.7759 0.00085202
125 1400 9.30246 0.000919918 -12.4417 0.000911331
150 1400 8.88717 0.000758889 -12.1303 0.000750582
175 1400 8.55377 0.000372425 -11.8298 0.000942764
200 1400 8.269 0.000878102 -11.5266 0.00104282
225 1400 8.01331 0.000779157 -11.2131 0.00107982
250 1400 7.7795 0.000324532 -10.887 0.00108418
275 1400 7.5614 0.000482475 -10.5504 0.00108979
300 1400 7.34806 6.01958e-05 -10.1962 0.0011522
325 1400 7.15965 0.000118568 -9.84519 0.000227184
350 1400 6.98872 0.000218259 -9.50008 0.000731307
375 1400 6.83306 0.000392197 -9.16177 0.00112755
400 1400 6.68955 0.000444112 -8.824 0.00110966
425 1400 6.55794 0.000375498 -8.49344 0.00100984
450 1400 6.43544 0.00028258 -8.16885 0.000954669
475 1400 6.32149 0.000322443 -7.84578 0.00108647
500 1400 6.2145 0.000112002 -7.52514 0.000720242
50 1400 11.9156 0.00393473 -13.4752 0.00110731
525 1400 6.11395 0.000453843 -7.20799 0.000635853
550 1400 6.01891 0.000416431 -6.8956 0.00119037
575 1400 5.92939 0.00028661 -6.586 0.000500846
600 1400 5.84311 0.000367909 -6.27265 0.00122663
625 1400 5.76054 0.000372776 -5.9568 0.000467507
650 1400 5.68183 0.000346235 -5.64378 0.00125825
660 1400 5.65129 0.00018316 -5.51765 0.00232939
675 1400 5.60659 0.000376326 -5.33095 0.00149096
690 1400 5.5628 6.12024e-05 -5.14305 0.00228833
700 1400 5.53424 0.000238338 -5.01921 0.00258034
710 1400 5.50476 0.000226784 -4.8838 0.00295256
725 1400 5.46353 0.000253648 -4.69901 0.0028507
735 1400 5.43656 0.000362964 -4.57487 0.00241502
750 1400 5.39516 0.000304118 -4.37481 0.00320605
75 1400 10.6463 0.00163142 -13.1281 0.00020449
760 1400 5.36852 0.000224235 -4.2458 0.00302078
775 1400 5.33046 0.000312642 -4.06522 0.00325524
785 1400 5.30464 0.00028451 -3.93549 0.00186398
800 1400 5.26699 0.000168617 -3.74646 0.0023291
100 1500 9.89232 0.00128164 -12.7487 0.000996548
105 1500 9.76435 0.00140628 -12.6789 0.00116855
110 1500 9.64264 0.00104488 -12.6118 0.00099875
115 1500 9.53209 0.000866795 -12.5469 0.00109045
120 1500 9.42582 0.000572446 -12.4805 0.000459054
125 1500 9.32792 0.000106064 -12.4153 0.000678213
130 1500 9.23168 0.000862524 -12.3511 0.000776388
135 1500 9.14502 0.00094771 -12.2894 0.00085749
140 1500 9.06105 0.000927425 -12.2275 0.000969762
145 1500 8.9807 0.000899593 -12.1654 0.000823198
150 1500 8.90548 0.000816786 -12.1049 0.000821351
155 1500 8.83179 0.000946081 -12.0445 0.000918881
160 1500 8.76214 0.000973676 -11.9829 0.000909835
165 1500 8.69634 0.000798984 -11.923 0.000851814
170 1500 8.63147 0.000621368 -11.8633 0.000748779
175 1500 8.56862 0.000606981 -11.8036 0.000738541
180 1500 8.50723 0.000494692 -11.7415 0.000514861
185 1500 8.44852 0.000275765 -11.6809 0.000452812
190 1500 8.39053 0.000289339 -11.6203 0.000468002
195 1500 8.33666 0.00021094 -11.5598 0.00115147
200 1500 8.28149 0.000884621 -11.4993 0.00107897
225 1500 8.02517 0.000265453 -11.1859 0.00105004
250 1500 7.78871 0.000359465 -10.8601 0.00118978
275 1500 7.56936 0.00064838 -10.5226 0.00121812
300 1500 7.36588 0.000428588 -10.1757 0.00124655
325 1500 7.16725 0.000512879 -9.81632 0.00146569
350 1500 6.99497 0.000144564 -9.46986 0.00130296
375 1500 6.83787 0.000358576 -9.12861 0.000393902
400 1500 6.69406 0.000325342 -8.79118 0.000279506
425 1500 6.56138 0.000375226 -8.45773 0.0013837
450 1500 6.4385 0.000333517 -8.13196 0.000981346
475 1500 6.32431 0.000389443 -7.80661 0.00166009
500 1500 6.21732 0.000230556 -7.48944 0.00114509
50 1500 12.1083 0.00689496 -13.4189 0.00141208
525 1500 6.11669 0.000452208 -7.17225 0.0017722
550 1500 6.02074 0.000329123 -6.85297 0.00195512
575 1500 5.92984 0.000282434 -6.53479 0.00176381
600 1500 5.84305 0.000280994 -6.21386 0.00216572
625 1500 5.7606 0.000213396 -5.89897 0.00209911
650 1500 5.68039 0.00034843 -5.57125 0.00176351
660 1500 5.64923 0.000275088 -5.44253 0.00275839
675 1500 5.6048 0.000178764 -5.25498 0.00251316
690 1500 5.55996 0.000187964 -5.05923 0.00203628
700 1500 5.53127 0.000258971 -4.93359 0.00324349
710 1500 5.50247 0.000268777 -4.80202 0.00306234
725 1500 5.45949 9.62579e-05 -4.60046 0.0024773
735 1500 5.43241 0.000183037 -4.47378 0.00262436
750 1500 5.39318 0.000416484 -4.29488 0.00206792
75 1500 10.6844 0.00139036 -13.0937 0.000665241
760 1500 5.36628 0.000112184 -4.16262 0.00254427
775 1500 5.32781 0.000224087 -3.97506 0.00338678
785 1500 5.30298 7.76483e-05 -3.85376 0.00208072
800 1500 5.26573 0.000260408 -3.66692 0.00320711
100 1600 9.92548 0.00146194 -12.7181 0.00102026
125 1600 9.35306 0.0007857 -12.3867 0.000481831
150 1600 8.92499 0.00101609 -12.0781 0.00095427
175 1600 8.58358 0.00099794 -11.7762 0.00112266
200 1600 8.29385 0.000632177 -11.4707 0.00074086
225 1600 8.03494 0.0003884 -11.1562 0.000610089
250 1600 7.79775 0.000369552 -10.8296 0.000576545
275 1600 7.57852 0.000823228 -10.492 0.001412
300 1600 7.37385 0.000490493 -10.1466 0.000344834
325 1600 7.17361 0.000838126 -9.78547 0.00124907
350 1600 6.99983 0.00039368 -9.43509 0.00148019
375 1600 6.84266 0.000583237 -9.09462 0.00145052
400 1600 6.69812 0.000242138 -8.75513 0.00147799
425 1600 6.56534 0.00027952 -8.42208 0.00158806
450 1600 6.44165 0.000222365 -8.09252 0.00113241
475 1600 6.32709 0.000303809 -7.76999 0.00111244
500 1600 6.21906 0.000447518 -7.44386 0.00171747
50 1600 12.5442 0.00192464 -13.3281 0.00112819
525 1600 6.1165 0.000509611 -7.11371 0.00254126
550 1600 6.02059 0.000404155 -6.79226 0.002392
575 1600 5.92983 0.000442978 -6.47499 0.00256051
600 1600 5.84174 0.000542564 -6.14547 0.00352987
625 1600 5.75717 0.000498029 -5.80923 0.0035187
650 1600 5.67612 0.000468474 -5.47222 0.00416926
660 1600 5.64551 0.000385228 -5.34402 0.00332533
675 1600 5.60061 0.000450994 -5.15333 0.00423794
690 1600 5.55609 0.00029238 -4.95713 0.00320634
700 1600 5.52712 0.000341202 -4.82749 0.00317762
710 1600 5.49815 0.000298578 -4.69402 0.00327507
725 1600 5.45735 0.000245405 -4.51087 0.0027651
735 1600 5.43015 0.000411288 -4.38364 0.00389381
750 1600 5.3911 0.000228724 -4.20323 0.00300028
75 1600 10.7381 0.00181773 -13.0537 0.000991951
760 1600 5.36489 0.00034723 -4.07839 0.00387746
775 1600 5.32686 0.000120989 -3.89429 0.00257457
785 1600 5.302 0.000104028 -3.77203 0.00233592
800 1600 5.26474 0.000403164 -3.58492 0.0015821
100 1700 9.96113 0.000966875 -12.684 0.0008835
125 1700 9.37685 0.000944189 -12.3575 0.00107646
150 1700 8.94333 0.000823902 -12.0495 0.000942574
175 1700 8.59957 0.00080497 -11.7476 0.000971077
200 1700 8.30528 0.000764441 -11.442 0.0010139
225 1700 8.04626 0.000747216 -11.1272 0.00116305
250 1700 7.80761 0.000742808 -10.7994 0.00126215
275 1700 7.58702 0.000629853 -10.4613 0.00111649
300 1700 7.3813 0.000607991 -10.1156 0.000952618
325 1700 7.18072 0.000308585 -9.75217 0.000785723
350 1700 7.00609 0.00021535 -9.39897 0.000673516
375 1700 6.8469 2.95402e-05 -9.05641 0.00173909
400 1700 6.70232 0.000214372 -8.71648 0.00151804
425 1700 6.56823 0.000384783 -8.38331 0.00150993
450 1700 6.44385 0.000527455 -8.04667 0.000663512
475 1700 6.32771 0.000122627 -7.71249 0.00195018
500 1700 6.21911 0.000369974 -7.38208 0.00229656
50 1700 12.5853 0.00178101 -13.2946 0.000795956
525 1700 6.11632 0.0003817 -7.04944 0.00225474
550 1700 6.01866 0.000666593 -6.71673 0.00450595
575 1700 5.9251 0.000558568 -6.37261 0.00378415
600 1700 5.83629 0.000508103 -6.03054 0.00346875
625 1700 5.75144 0.000539129 -5.68744 0.00405007
650 1700 5.67158 0.000477521 -5.35667 0.00357352
660 1700 5.64174 0.000482465 -5.23571 0.00434485
675 1700 5.59654 0.000404774 -5.03798 0.00317907
690 1700 5.55283 0.000384166 -4.84948 0.00351056
700 1700 5.52481 0.0003689 -4.72995 0.00298599
710 1700 5.49603 0.000457643 -4.59327 0.00399271
725 1700 5.45636 0.000386592 -4.42183 0.0037366
735 1700 5.42875 0.000426142 -4.28762 0.00466834
750 1700 5.38999 0.000313885 -4.11287 0.0032121
75 1700 10.7915 0.0026919 -13.0092 0.00122904
760 1700 5.3642 0.00031207 -3.98841 0.0029899
775 1700 5.32629 0.000308431 -3.80798 0.00308766
785 1700 5.3018 0.000289217 -3.69189 0.00284626
800 1700 5.26511 0.000262127 -3.50661 0.00329034
100 1800 9.99867 0.000914747 -12.6466 0.000853578
125 1800 9.40384 0.00132081 -12.3287 0.00120568
150 1800 8.96311 0.000348664 -12.016 0.000545888
175 1800 8.61345 0.000780063 -11.7177 0.000940449
200 1800 8.31796 0.000759422 -11.4107 0.00114211
225 1800 8.05657 0.000929994 -11.0982 0.0012986
250 1800 7.81678 0.000965388 -10.7677 0.00167122
275 1800 7.59486 0.000860262 -10.4299 0.00153176
300 1800 7.39007 0.00071778 -10.0825 0.00147424
325 1800 7.18891 0.000797779 -9.7175 0.00202339
350 1800 7.01168 0.000317742 -9.36507 0.00116621
375 1800 6.8506 0.000423679 -9.01204 0.000662109
400 1800 6.70536 0.000245619 -8.67095 0.000901949
425 1800 6.5693 0.000426609 -8.32463 0.00185031
450 1800 6.44495 0.000263546 -7.98798 0.00213481
475 1800 6.32731 0.00038468 -7.64649 0.00209453
500 1800 6.21631 0.000271278 -7.2944 0.00400184
50 1800 12.6224 0.000929678 -13.2613 0.000915808
525 1800 6.11155 0.000494385 -6.94278 0.00495003
550 1800 6.01251 0.000536455 -6.59033 0.00531334
575 1800 5.91749 0.000657887 -6.22587 0.00632301
600 1800 5.82977 0.000532071 -5.88906 0.00507204
625 1800 5.74597 0.00062569 -5.54666 0.00596044
650 1800 5.66839 0.000453766 -5.2352 0.00426998
660 1800 5.63893 0.000430708 -5.11868 0.00448279
675 1800 5.59373 0.000426108 -4.91858 0.00348909
690 1800 5.551 0.000394638 -4.73972 0.00326268
700 1800 5.52379 0.000437913 -4.63029 0.00427684
710 1800 5.49572 0.000465878 -4.50081 0.00418383
725 1800 5.45482 0.000440636 -4.31234 0.00371868
735 1800 5.42862 0.000399909 -4.19495 0.00307578
750 1800 5.38988 0.000325054 -4.02154 0.00326664
75 1800 10.8685 0.00209276 -12.9547 0.00154292
760 1800 5.36436 0.000403448 -3.90255 0.00371741
775 1800 5.32677 0.000407029 -3.72197 0.00382816
785 1800 5.30245 0.00031643 -3.60789 0.00254475
800 1800 5.26545 0.000361197 -3.41996 0.00372884
100 1900 10.0469 0.00175211 -12.601 0.00152569
125 1900 9.43259 0.00162777 -12.2934 0.00138551
150 1900 8.98441 0.000936961 -11.9866 0.000597437
175 1900 8.6305 0.000437654 -11.6857 0.000953387
200 1900 8.33143 0.000891059 -11.3782 0.00148838
225 1900 8.06687 0.00096705 -11.0635 0.00147974
250 1900 7.82619 0.000800307 -10.7385 0.00139174
275 1900 7.60328 0.000712346 -10.3972 0.00135551
300 1900 7.3971 0.000894646 -10.0498 0.00170414
325 1900 7.20369 0.00155938 -9.69356 0.00306406
350 1900 7.01765 0.000827806 -9.32588 0.00303268
375 1900 6.85524 0.000362426 -8.96581 0.00239278
400 1900 6.70709 0.000235688 -8.60911 0.00310295
425 1900 6.56997 0.000727565 -8.25732 0.00361148
450 1900 6.44244 2.72486e-05 -7.89641 0.00382431
475 1900 6.32304 9.65544e-05 -7.5352 0.00534411
500 1900 6.20802 0.000307883 -7.14108 0.0060515
50 1900 12.6667 0.00224113 -13.229 0.00101458
525 1900 6.10092 0.000376918 -6.75704 0.00647373
550 1900 6.00359 0.000301788 -6.40957 0.00675517
575 1900 5.91296 0.000170727 -6.08462 0.00484192
600 1900 5.8266 0.000226496 -5.75058 0.00396314
625 1900 5.74508 0.000268797 -5.43329 0.00327975
650 1900 5.6685 0.000231257 -5.13723 0.00288663
660 1900 5.63871 0.000301404 -5.01549 0.00330419
675 1900 5.59485 0.000339679 -4.83455 0.00388183
690 1900 5.55188 0.000399603 -4.64824 0.00431572
700 1900 5.52395 0.000360033 -4.52905 0.00337726
710 1900 5.49685 0.000383253 -4.41779 0.00413771
725 1900 5.45626 0.000365819 -4.23347 0.00269968
735 1900 5.42969 0.000389435 -4.11556 0.00380829
750 1900 5.39089 0.000424191 -3.93722 0.00382166
75 1900 10.9864 0.00625753 -12.8769 0.00347313
760 1900 5.36521 0.000383013 -3.81626 0.00285535
775 1900 5.32789 0.00042902 -3.64264 0.00440956
785 1900 5.30332 0.000453671 -3.52915 0.00289742
800 1900 5.26693 0.000425423 -3.34778 0.0026894
100 2000 10.0988 0.00215734 -12.5495 0.00207663
125 2000 9.46561 0.000605213 -12.2526 0.00126553
150 2000 9.00722 0.00104068 -11.9498 0.00062333
175 2000 8.64813 0.000644468 -11.6501 0.00106354
200 2000 8.34469 0.00062927 -11.3423 0.00128104
225 2000 8.07807 0.000646866 -11.0277 0.00164561
250 2000 7.83553 0.000737186 -10.6972 0.00149437
275 2000 7.611 0.00103596 -10.3605 0.00190046
300 2000 7.40513 0.000809793 -10.0088 0.00202888
325 2000 7.20497 0.0016963 -9.64287 0.00411894
350 2000 7.01805 0.00095564 -9.25483 0.00382487
375 2000 6.85502 0.000830557 -8.88298 0.00438164
400 2000 6.70371 0.000696085 -8.50193 0.00629193
425 2000 6.55924 0.000857782 -8.07086 0.00906568
450 2000 6.42802 0.000647059 -7.65776 0.00897721
475 2000 6.30529 0.000102079 -7.22368 0.00762533
500 2000 6.1964 0.000370412 -6.87279 0.0062334
50 2000 12.7085 0.00202088 -13.1966 0.000841285
525 2000 6.09563 0.000520417 -6.55378 0.00384602
550 2000 6.00147 0.000391836 -6.25143 0.00350356
575 2000 5.912 0.000133774 -5.94641 0.00287034
600 2000 5.82749 7.2043e-05 -5.64686 0.00293388
625 2000 5.74703 0.0002236 -5.34131 0.00177116
650 2000 5.67027 0.000374606 -5.04736 0.00251409
660 2000 5.64036 0.000417286 -4.92762 0.00202899
675 2000 5.59699 6.7463e-05 -4.75641 0.00177558
690 2000 5.55438 0.000166486 -4.58048 0.00197918
700 2000 5.52651 0.00015856 -4.46346 0.00205378
710 2000 5.49907 0.00019611 -4.34516 0.00179051
725 2000 5.45855 0.000177608 -4.16803 0.00190019
735 2000 5.43211 0.000257909 -4.05447 0.00228069
750 2000 5.39343 0.000222984 -3.87872 0.00161939
75 2000 11.2043 0.0021329 -12.7424 0.00157154
760 2000 5.36829 0.000294089 -3.76806 0.00183253
775 2000 5.33043 0.000281014 -3.59432 0.00245071
785 2000 5.30581 0.000236613 -3.47456 0.00171503
800 2000 5.26971 0.00029226 -3.30397 0.00194084
100 200 9.52092 0.000203888 -13.0689 0.000122162
125 200 9.03562 0.000278932 -12.7408 0.000263772
150 200 8.67932 0.000466852 -12.4421 0.000452611
175 200 8.36894 0.000413831 -12.1331 0.00042521
200 200 8.11728 0.000286668 -11.8438 0.000364822
225 200 7.89461 0.000456376 -11.5517 0.000689106
250 200 7.64292 0.000298144 -11.1815 0.000467976
275 200 7.43853 0.000180586 -10.85 0.000317956
300 200 7.25087 0.000133349 -10.5162 0.000282845
325 200 7.07808 0.000128695 -10.1823 0.000269672
350 200 6.91913 0.000134311 -9.84999 0.000291334
375 200 6.77415 0.000144945 -9.52389 0.000341701
400 200 6.64183 9.97932e-05 -9.20549 0.000280554
425 200 6.51768 3.08057e-05 -8.88684 0.000144877
450 200 6.39985 5.07094e-05 -8.566 0.000191835
475 200 6.2877 0.000123657 -8.24278 0.000380049
500 200 6.18093 0.000108902 -7.91861 0.000351559
50 200 11.5137 0.000727926 -13.9655 0.000255448
525 200 6.07979 0.000133101 -7.59605 0.000474253
550 200 5.98425 0.000176679 -7.27595 0.000626097
575 200 5.89488 0.000201961 -6.96265 0.000718633
600 200 5.81027 0.000213198 -6.65264 0.000780326
625 200 5.72998 0.000210447 -6.34607 0.000820106
650 200 5.65127 0.000245322 -6.03327 0.000928437
660 200 5.61414 0.000640355 -5.88387 0.00242545
675 200 5.56414 0.000253512 -5.67872 0.000943691
690 200 5.51847 0.000152738 -5.4869 0.000571203
700 200 5.49027 0.000116099 -5.36556 0.000459443
710 200 5.46151 6.47252e-05 -5.24114 0.000260535
725 200 5.42353 7.21487e-05 -5.07032 0.000311455
735 200 5.39724 7.45799e-05 -4.95155 0.000368224
750 200 5.35935 7.60083e-05 -4.77712 0.000356017
75 200 10.3431 0.000257961 -13.5004 0.000131386
760 200 5.33482 6.86461e-05 -4.66229 0.000342426
775 200 5.29815 8.22352e-05 -4.48864 0.000402768
785 200 5.27513 6.68023e-05 -4.37589 0.000324511
800 200 5.2395 8.44394e-05 -4.20333 0.000416113
100 2100 10.172 0.00275998 -12.4722 0.00254126
125 2100 9.50617 0.000946094 -12.1989 0.00169063
150 2100 9.03306 0.00111067 -11.9037 0.00151369
175 2100 8.6646 0.00112185 -11.604 0.00206306
200 2100 8.3588 0.000685493 -11.3013 0.00167917
225 2100 8.08935 0.00033195 -10.9876 0.00152478
250 2100 7.84426 0.000318893 -10.6589 0.00163848
275 2100 7.6192 0.000598144 -10.3148 0.00149265
300 2100 7.41095 0.000656999 -9.96345 0.00237208
325 2100 7.21328 0.00173512 -9.59898 0.0048182
350 2100 7.01511 0.00126174 -9.13558 0.00772018
375 2100 6.8293 0.000680948 -8.39602 0.00353479
400 2100 6.6834 0.000834615 -8.07814 0.00568584
425 2100 6.54847 0.000576107 -7.74106 0.00271813
450 2100 6.42391 0.000296883 -7.4282 0.00442808
475 2100 6.30802 0.000695616 -7.09729 0.00178446
500 2100 6.2008 0.00057624 -6.78983 0.00132172
50 2100 12.7512 0.00219414 -13.1666 0.000754928
525 2100 6.09976 0.000207254 -6.48066 0.000965123
550 2100 6.00524 0.000259818 -6.18346 0.00133576
575 2100 5.9159 0.00050048 -5.88175 0.00192284
600 2100 5.83111 5.37072e-05 -5.58583 0.00161966
625 2100 5.75068 0.000167885 -5.29471 0.00199039
650 2100 5.67411 0.000169251 -5.00065 0.00132736
660 2100 5.64413 0.000293762 -4.88104 0.00205205
675 2100 5.60062 0.000491645 -4.7082 0.00214484
690 2100 5.5579 0.000477196 -4.53525 0.00214658
700 2100 5.52988 0.000408748 -4.41895 0.00186845
710 2100 5.50265 0.000470334 -4.30508 0.000623284
725 2100 5.46224 0.00042695 -4.13008 0.00200384
735 2100 5.43593 0.000443072 -4.01524 0.000525385
750 2100 5.39689 0.000450999 -3.84283 0.000564768
75 2100 11.2471 0.00199386 -12.7035 0.00116781
760 2100 5.37157 0.000467113 -3.72752 0.000336145
775 2100 5.33411 0.000410068 -3.55452 0.000887293
785 2100 5.3095 8.1125e-05 -3.44144 0.00105751
800 2100 5.27303 0.000130216 -3.26576 0.00118246
100 2200 10.2904 0.00486284 -12.3445 0.00530203
125 2200 9.54986 0.0018928 -12.1344 0.00272589
150 2200 9.05986 0.00142188 -11.849 0.00161277
175 2200 8.68379 0.000973681 -11.5591 0.00166539
200 2200 8.37336 0.000925407 -11.2531 0.00167772
225 2200 8.09993 0.000739454 -10.9387 0.0020974
250 2200 7.85367 0.000532384 -10.6 0.00224727
275 2200 7.62714 0.000474129 -10.2643 0.00206679
300 2200 7.41808 0.000359032 -9.90583 0.00316778
325 2200 7.17051 0.000457404 -9.0218 0.00256343
350 2200 6.99628 0.000602942 -8.68372 0.00199433
375 2200 6.83701 0.000688202 -8.34623 0.00213828
400 2200 6.6897 0.000787546 -8.01807 0.00247918
425 2200 6.55485 0.000708151 -7.68985 0.00223419
450 2200 6.42949 0.000618863 -7.36856 0.00196404
475 2200 6.31356 0.000433113 -7.05561 0.00210312
500 2200 6.20596 0.000158736 -6.74151 0.00124809
50 2200 12.7975 0.00228422 -13.1318 0.000759815
525 2200 6.10476 0.000575254 -6.44163 0.00127222
550 2200 6.00991 0.000213898 -6.14016 0.00200726
575 2200 5.92025 0.000239913 -5.84257 0.00192874
600 2200 5.83576 0.000515292 -5.54656 0.00198896
625 2200 5.75522 0.00049343 -5.25348 0.00197889
650 2200 5.67832 0.000271124 -4.96235 0.00225307
660 2200 5.64836 0.000269673 -4.84596 0.0023015
675 2200 5.60468 0.000189601 -4.67411 0.00192922
690 2200 5.56177 0.000255078 -4.49846 0.00221851
700 2200 5.53407 0.000261319 -4.38509 0.00225049
710 2200 5.50646 0.000304318 -4.27063 0.00211576
725 2200 5.46611 9.52314e-05 -4.09707 0.00183006
735 2200 5.43979 0.000288124 -3.9845 0.00183718
750 2200 5.40114 9.63093e-05 -3.81143 0.0019502
75 2200 11.3195 0.000891099 -12.6758 0.000930746
760 2200 5.37553 0.000144982 -3.69473 0.00221754
775 2200 5.33757 0.000203219 -3.52258 0.00231559
785 2200 5.31326 0.000118826 -3.40978 0.00222178
800 2200 5.27682 0.000434207 -3.23821 0.00217063
100 2300 10.3825 0.00144234 -12.2366 0.00149959
125 2300 9.6171 0.00267798 -12.0266 0.00439982
150 2300 9.0936 0.000212727 -11.7826 0.00265634
175 2300 8.70625 0.00122968 -11.4938 0.00165831
200 2300 8.38887 0.00103501 -11.1898 0.00214436
225 2300 8.1113 0.000871154 -10.8703 0.00202111
250 2300 7.86324 0.000909961 -10.5389 0.00221231
275 2300 7.57639 0.000564223 -9.66146 0.000553154
300 2300 7.36847 0.000504837 -9.32448 0.000492629
325 2300 7.17833 7.83108e-05 -8.98666 0.00100157
350 2300 7.00406 0.000516547 -8.6451 0.00137329
375 2300 6.84389 0.000699162 -8.31114 0.0019487
400 2300 6.6966 0.000507355 -7.97908 0.00148294
425 2300 6.561 0.000668119 -7.65399 0.0021228
450 2300 6.43529 0.000775764 -7.334 0.00234729
475 2300 6.31936 0.000552622 -7.01685 0.00175802
500 2300 6.21089 0.000477795 -6.70839 0.00181941
50 2300 12.8457 0.00237796 -13.0994 0.000632892
525 2300 6.10992 0.00035738 -6.40519 0.00140629
550 2300 6.01484 8.4838e-05 -6.10704 0.000776644
575 2300 5.925 0.000314671 -5.80832 0.00186969
600 2300 5.84031 0.000553492 -5.51339 0.00209684
625 2300 5.75953 0.000394062 -5.22093 0.00210935
650 2300 5.68247 0.000239977 -4.93053 0.00244944
660 2300 5.65265 0.000533166 -4.81549 0.0022298
675 2300 5.60882 0.000486195 -4.64259 0.00208133
690 2300 5.56613 0.00013057 -4.46973 0.0021065
700 2300 5.53813 0.000579148 -4.3551 0.00251511
710 2300 5.51071 0.000455173 -4.23963 0.00204941
725 2300 5.4703 0.000448551 -4.06913 0.0020476
735 2300 5.44395 0.000507574 -3.95251 0.00230034
750 2300 5.40488 0.000500493 -3.78083 0.00232412
75 2300 11.3187 0.00130566 -12.6379 0.000974312
760 2300 5.37951 0.000364077 -3.66814 0.00224674
775 2300 5.34175 0.000427333 -3.49587 0.00203337
785 2300 5.31721 0.000174265 -3.38193 0.00221213
800 2300 5.28082 0.000199236 -3.20914 0.00219912
100 2400 10.4086 0.00133528 -12.2027 0.00144416
125 2400 9.72618 0.00210774 -11.8269 0.00324156
150 2400 9.13563 0.0017306 -11.6749 0.00495615
175 2400 8.73099 0.00135262 -11.4021 0.00380074
200 2400 8.40523 0.00142431 -11.0963 0.00289764
225 2400 8.12324 0.00108588 -10.7874 0.0043831
250 2400 7.81524 0.000984091 -9.96791 0.00199308
275 2400 7.58639 0.000889527 -9.63216 0.00217769
300 2400 7.37788 0.000621949 -9.29228 0.00180363
325 2400 7.18718 0.000619361 -8.95151 0.00237744
350 2400 7.01184 0.000374498 -8.61534 0.000689656
375 2400 6.85125 0.000468608 -8.27872 0.00140908
400 2400 6.70303 0.000535402 -7.94784 0.001537
425 2400 6.56707 0.000703194 -7.62129 0.00200225
450 2400 6.4414 0.000734025 -7.3015 0.0021518
475 2400 6.32501 0.00063558 -6.98688 0.00205509
500 2400 6.21675 0.000609838 -6.67752 0.00210316
50 2400 12.8869 0.00276369 -13.0678 0.000911223
525 2400 6.11524 0.000600243 -6.37394 0.00207694
550 2400 6.01994 0.000402595 -6.0756 0.00153743
575 2400 5.93005 0.000173091 -5.77833 0.00108897
600 2400 5.84501 0.000110985 -5.48361 0.000963313
625 2400 5.76426 0.000564823 -5.19212 0.00219966
650 2400 5.68695 0.00025917 -4.90245 0.00248866
660 2400 5.65724 0.00022412 -4.78683 0.00234902
675 2400 5.61343 0.000201267 -4.61391 0.00216536
690 2400 5.57058 0.000377089 -4.44195 0.00259617
700 2400 5.54243 0.000285158 -4.32685 0.00244118
710 2400 5.51488 0.000174815 -4.21293 0.00204148
725 2400 5.47458 0.000477639 -4.04134 0.00215833
735 2400 5.44798 0.000574278 -3.92883 0.00259758
750 2400 5.40889 0.000498996 -3.75602 0.00231757
75 2400 11.3652 0.00026433 -12.6135 0.000616497
760 2400 5.38344 0.000451778 -3.64095 0.00209873
775 2400 5.3458 0.000541137 -3.46992 0.00258401
785 2400 5.32094 0.000530202 -3.356 0.00257008
800 2400 5.28458 0.000515957 -3.18567 0.00256736
100 2500 10.4339 0.0024975 -12.1476 0.000990914
125 2500 9.70998 0.00125694 -11.7245 0.00120554
150 2500 9.21271 0.00181616 -11.4301 0.00515955
175 2500 8.72281 0.000702184 -10.9591 0.000904686
200 2500 8.37671 0.00128082 -10.6127 0.00178408
225 2500 8.08313 0.00108903 -10.2759 0.001732
250 2500 7.82622 0.00114018 -9.93987 0.00207121
275 2500 7.59576 0.00088237 -9.60218 0.00186819
300 2500 7.3874 0.000794146 -9.26293 0.00193638
325 2500 7.19506 0.000705078 -8.92276 0.00211528
350 2500 7.01972 0.000526237 -8.58574 0.00214991
375 2500 6.85836 0.000439106 -8.24778 0.000333449
400 2500 6.70989 0.000356757 -7.91781 0.00123972
425 2500 6.5737 0.000508708 -7.59097 0.00146918
450 2500 6.44747 0.000754046 -7.27215 0.00220747
475 2500 6.33052 0.000529346 -6.9579 0.00162417
500 2500 6.22181 0.000458619 -6.64869 0.00151052
50 2500 12.9383 0.00402841 -13.0335 0.000502714
525 2500 6.12032 0.000798483 -6.34599 0.00258927
550 2500 6.02478 0.0004857 -6.04589 0.00170038
575 2500 5.93517 0.000411271 -5.74927 0.0016527
600 2500 5.84959 0.00037864 -5.4568 0.00157498
625 2500 5.76879 0.000183555 -5.1656 0.00100439
650 2500 5.69154 9.64108e-05 -4.87757 0.000850133
660 2500 5.66153 0.000552301 -4.76051 0.00227769
675 2500 5.61772 0.000582555 -4.58905 0.00242421
690 2500 5.57503 0.000173971 -4.41682 0.00247015
700 2500 5.54693 0.000409086 -4.30201 0.00174691
710 2500 5.51963 0.000238771 -4.18699 0.00202245
725 2500 5.47863 0.000527732 -4.01645 0.00234035
735 2500 5.45234 0.000280258 -3.90185 0.00231361
750 2500 5.41297 0.000219824 -3.73221 0.0020074
75 2500 11.3923 0.00172547 -12.5831 0.000588051
760 2500 5.38749 0.000400514 -3.61763 0.00283584
775 2500 5.34997 0.000331897 -3.4454 0.00243837
785 2500 5.32511 0.000271271 -3.33228 0.00229725
800 2500 5.28854 0.000228622 -3.15898 0.00220851
100 2600 10.4538 0.00135312 -12.1209 0.000838459
125 2600 9.77411 0.000927876 -11.7426 0.00151429
150 2600 9.18654 0.00449664 -11.31 0.00498931
175 2600 8.73993 0.000677209 -10.9353 0.000895605
200 2600 8.39129 0.00144369 -10.5875 0.00193663
225 2600 8.09432 0.00116501 -10.2492 0.00180812
250 2600 7.83816 0.00113196 -9.91245 0.00197806
275 2600 7.60562 0.000918105 -9.57557 0.0018446
300 2600 7.39574 0.00085054 -9.23571 0.00201692
325 2600 7.20352 0.000682686 -8.89654 0.00193397
350 2600 7.02721 0.000585361 -8.55607 0.00184499
375 2600 6.86541 0.000576992 -8.22152 0.00250697
400 2600 6.71684 0.000383181 -7.88954 0.000595748
425 2600 6.5799 0.000402827 -7.5651 0.00135546
450 2600 6.45361 0.000598975 -7.24554 0.0017497
475 2600 6.33679 0.000646102 -6.93158 0.00200744
500 2600 6.22751 0.000584363 -6.62276 0.00189461
50 2600 13.2266 0.0280308 -12.9745 0.00344342
525 2600 6.12556 0.000482424 -6.31874 0.00169128
550 2600 6.03015 0.000576523 -6.01991 0.00201784
575 2600 5.94015 0.000460573 -5.72313 0.00163658
600 2600 5.85486 0.000527353 -5.43028 0.00203817
625 2600 5.77337 0.000384743 -5.14098 0.00149823
650 2600 5.69606 0.000352619 -4.85226 0.00159256
660 2600 5.66616 0.000259928 -4.73729 0.00113503
675 2600 5.62219 5.25742e-05 -4.56418 0.000529718
690 2600 5.57955 0.000202332 -4.39217 0.00106909
700 2600 5.55132 0.000518887 -4.27856 0.00222608
710 2600 5.52384 0.000558352 -4.16522 0.00242737
725 2600 5.48313 0.000532208 -3.99231 0.00237237
735 2600 5.45644 0.00055833 -3.87947 0.00252328
750 2600 5.41756 0.000158155 -3.70861 0.00239943
75 2600 11.4154 0.00111327 -12.5514 0.00159085
760 2600 5.39192 0.000544183 -3.59365 0.00251774
775 2600 5.35384 0.000174106 -3.4234 0.0027459
785 2600 5.3292 0.000525715 -3.30759 0.00251942
800 2600 5.29256 0.000339691 -3.13775 0.00236439
100 2700 10.4751 0.00145261 -12.0938 0.000916555
125 2700 9.75124 0.000910039 -11.6731 0.00134042
150 2700 9.19292 0.0014624 -11.2801 0.00163991
175 2700 8.75477 0.00106813 -10.9087 0.00132214
200 2700 8.40338 0.000582329 -10.5634 0.000346688
225 2700 8.10723 0.00124023 -10.2248 0.00185617
250 2700 7.84796 0.00126917 -9.88445 0.00220614
275 2700 7.61544 0.00120508 -9.54745 0.00235762
300 2700 7.40493 0.000983261 -9.20969 0.00216315
325 2700 7.21121 0.00093925 -8.86934 0.00232838
350 2700 7.03467 0.000806062 -8.53011 0.0023449
375 2700 6.87304 0.000696461 -8.19529 0.00241401
400 2700 6.72338 0.000530564 -7.86347 0.00215421
425 2700 6.58635 0.000307012 -7.53694 0.000488734
450 2700 6.4596 0.00054142 -7.21835 0.00159248
475 2700 6.3423 0.000515785 -6.90508 0.00161189
500 2700 6.23336 0.000746591 -6.59681 0.00235351
50 2700 13.3565 0.00574268 -12.9307 0.00119223
525 2700 6.13128 0.000502858 -6.29357 0.00176092
550 2700 6.03503 0.000654767 -5.99474 0.00227767
575 2700 5.94503 0.000563168 -5.69807 0.00212771
600 2700 5.85952 0.000562683 -5.40652 0.00216322
625 2700 5.77839 0.000464049 -5.11546 0.00173857
650 2700 5.70103 0.000458238 -4.82752 0.00194137
660 2700 5.67069 0.000440591 -4.71426 0.00187152
675 2700 5.62667 0.00029735 -4.54332 0.00137859
690 2700 5.584 0.00031055 -4.3695 0.001481
700 2700 5.55587 0.000366196 -4.25559 0.00172352
710 2700 5.52811 0.000226379 -4.14325 0.00109691
725 2700 5.48745 0.000276466 -3.97063 0.001357
735 2700 5.46069 0.000203193 -3.8568 0.000972806
750 2700 5.42178 7.21641e-05 -3.68814 0.000372564
75 2700 11.4451 0.00107515 -12.5208 0.00151477
760 2700 5.39623 0.000509238 -3.57215 0.00235888
775 2700 5.35817 7.57157e-05 -3.4004 0.000351138
785 2700 5.33321 0.000580402 -3.28846 0.0027516
800 2700 5.29641 0.000506222 -3.11714 0.00245639
100 300 9.55835 0.000304966 -13.053 0.000192679
105 300 9.44123 0.000241866 -12.9815 0.000181448
110 300 9.33429 0.000233839 -12.9126 0.000137148
115 300 9.23705 0.000193985 -12.8471 0.000153021
120 300 9.14432 0.000104012 -12.7815 0.000158902
125 300 9.06009 0.000245943 -12.7196 0.000213506
130 300 8.97987 0.00046498 -12.6578 0.00038754
135 300 8.90278 0.000356609 -12.596 0.000306585
140 300 8.83169 0.000348802 -12.5367 0.000358502
145 300 8.7615 0.000532568 -12.4761 0.000531293
150 300 8.69699 0.000231343 -12.4182 0.000218945
155 300 8.63369 0.000366475 -12.3593 0.000378581
160 300 8.56989 0.000905524 -12.2981 0.000835156
165 300 8.50809 0.000412603 -12.2368 0.000367365
170 300 8.44623 0.000431968 -12.174 0.000398711
175 300 8.38554 0.00037398 -12.1107 0.000406896
180 300 8.33219 0.000417975 -12.0532 0.000427357
185 300 8.27838 0.000328731 -11.9939 0.000380381
190 300 8.22911 0.00032595 -11.9373 0.000366846
195 300 8.17932 0.000343138 -11.879 0.000372954
200 300 8.13213 0.000312165 -11.8221 0.000324789
225 300 7.89407 0.00137507 -11.5101 0.00206577
250 300 7.65482 0.000345594 -11.1607 0.000572682
275 300 7.45012 0.000302127 -10.8303 0.000529043
300 300 7.25977 0.000173618 -10.4931 0.00033799
325 300 7.08666 0.000192968 -10.1595 0.000402224
350 300 6.92613 0.000206647 -9.82474 0.000475104
375 300 6.77903 0.000278051 -9.49457 0.000665228
400 300 6.6453 0.000210122 -9.17307 0.000560462
425 300 6.52041 0.000154424 -8.85298 0.000442354
450 300 6.40236 0.000174317 -8.53195 0.000536672
475 300 6.28982 0.000119079 -8.20792 0.000394117
500 300 6.18327 0.0001286 -7.88471 0.000392773
50 300 11.4925 0.000822828 -13.9164 0.000363927
525 300 6.0822 0.000194541 -7.5627 0.000616903
550 300 5.98698 0.000194976 -7.24456 0.000620776
575 300 5.89679 0.000290185 -6.92885 0.000993547
600 300 5.81209 0.000225004 -6.61919 0.000788384
625 300 5.73126 0.00022676 -6.31085 0.000806715
650 300 5.65396 0.000156481 -6.00436 0.000577485
660 300 5.62369 0.000183414 -5.88082 0.000733941
675 300 5.57908 0.0001692 -5.69625 0.000619913
690 300 5.53394 0.000376445 -5.50585 0.0013909
700 300 5.50102 0.00031755 -5.36782 0.00110366
710 300 5.47173 0.000228726 -5.24148 0.00074583
725 300 5.43041 0.000231503 -5.05915 0.000714792
735 300 5.40363 9.07587e-05 -4.93888 0.000308981
750 300 5.36511 9.78082e-05 -4.76234 0.000267242
75 300 10.3548 0.000295394 -13.4692 0.00015943
760 300 5.34016 2.20643e-05 -4.64593 0.000149732
775 300 5.3037 8.71695e-05 -4.47193 0.0002523
785 300 5.27943 5.39424e-05 -4.35553 0.000310487
800 300 5.2446 4.35105e-05 -4.18376 0.000260485
100 400 9.58933 0.000402854 -13.034 0.000256004
125 400 9.08281 0.00021566 -12.6968 0.00023013
150 400 8.71355 0.0001912 -12.3933 0.000225995
175 400 8.40732 0.000606398 -12.0929 0.00059144
200 400 8.14485 0.000289967 -11.7969 0.000344032
225 400 7.89793 0.000591512 -11.4748 0.000867148
250 400 7.66487 0.00041839 -11.1365 0.000634451
275 400 7.45911 0.000165458 -10.8058 0.000321462
300 400 7.26839 0.000174255 -10.4694 0.000358781
325 400 7.09278 0.000181912 -10.1313 0.000398264
350 400 6.93141 0.000195801 -9.7954 0.00043454
375 400 6.78452 0.000248629 -9.46645 0.000262486
400 400 6.64898 8.46452e-05 -9.14117 0.000276893
425 400 6.52319 0.000209772 -8.8193 0.00056002
450 400 6.40459 0.000169269 -8.49715 0.000511399
475 400 6.29237 0.000207617 -8.17457 0.000648322
500 400 6.18613 0.000119856 -7.85242 0.000438659
50 400 11.4693 0.00114456 -13.8632 0.000497023
525 400 6.085 0.000197115 -7.53114 0.000728115
550 400 5.98949 0.000191232 -7.21222 0.000684769
575 400 5.89951 0.000196642 -6.89778 0.000709558
600 400 5.81469 0.000154069 -6.5884 0.000536452
625 400 5.73365 0.00021518 -6.28019 0.000774599
650 400 5.65666 0.000167431 -5.97562 0.000615791
660 400 5.62665 0.000193569 -5.85321 0.000736957
675 400 5.58251 0.000154326 -5.67082 0.000562569
690 400 5.53948 0.000151687 -5.48858 0.000576372
700 400 5.51138 0.000111366 -5.36789 0.000465622
710 400 5.48339 0.000104653 -5.24582 0.000413878
725 400 5.44252 9.50252e-05 -5.06422 0.000429486
735 400 5.41492 0.000187102 -4.94131 0.000638575
750 400 5.37421 0.000246692 -4.75673 0.000757029
75 400 10.3719 0.000318774 -13.4397 0.000210531
775 400 5.30972 0.000113458 -4.45632 0.00025344
800 400 5.24936 4.07657e-05 -4.16381 7.89086e-05
100 500 9.61845 0.000266657 -13.0123 0.00019577
125 500 9.10419 0.000541202 -12.673 0.000459496
150 500 8.73094 0.000351762 -12.3686 0.000367092
175 500 8.42337 0.000393675 -12.0695 0.000436813
200 500 8.15886 0.000337454 -11.7722 0.000435058
225 500 7.91095 0.000497551 -11.4525 0.000718891
250 500 7.67926 0.000503557 -11.1188 0.000872095
275 500 7.46871 0.000438224 -10.7821 0.000675261
300 500 7.27637 0.000116267 -10.4433 0.000265875
325 500 7.09949 0.000251945 -10.1042 0.000696098
350 500 6.9377 0.000129131 -9.76804 0.000157027
375 500 6.78901 0.000299913 -9.43582 0.000708759
400 500 6.65275 0.000227755 -9.10929 0.000548153
425 500 6.52589 0.000223478 -8.78517 0.000634735
450 500 6.40715 0.000211142 -8.46322 0.00060032
475 500 6.29463 0.000209574 -8.14043 0.00064064
500 500 6.18837 0.00016773 -7.81886 0.00050495
50 500 11.4636 0.000613856 -13.815 0.000320468
525 500 6.08778 5.70862e-05 -7.49897 0.000330207
550 500 5.99273 8.74162e-05 -7.18242 0.000397692
575 500 5.90267 6.35763e-05 -6.86827 0.000305422
600 500 5.81747 0.000180252 -6.55859 0.000645215
625 500 5.73663 0.0001497 -6.25161 0.000522778
650 500 5.65958 0.000155947 -5.94749 0.000569227
660 500 5.62962 0.000163936 -5.82577 0.000672341
675 500 5.58571 0.000146993 -5.64407 0.000589469
690 500 5.54312 0.000125794 -5.46446 0.00051847
700 500 5.51509 0.000106247 -5.34329 0.000474875
710 500 5.4874 9.53703e-05 -5.22307 0.000409802
725 500 5.44691 0.000103645 -5.04352 0.000458495
735 500 5.42023 7.92802e-05 -4.92271 0.00039332
750 500 5.38113 0.00011456 -4.74359 0.000516783
75 500 10.39 0.000363656 -13.4097 0.000236106
760 500 5.35549 9.55615e-05 -4.62446 0.000450607
775 500 5.31772 8.54439e-05 -4.44537 0.000442806
785 500 5.29297 8.81329e-05 -4.326 0.00042728
800 500 5.25658 8.19535e-05 -4.14831 0.000377956
100 600 9.64582 0.000592821 -12.9888 0.000367674
105 600 9.52563 0.000437466 -12.9171 0.000357458
110 600 9.41356 0.000295134 -12.8466 0.000271161
115 600 9.31072 9.55295e-05 -12.7793 0.000217308
120 600 9.21508 0.000501152 -12.7131 0.000310732
125 600 9.12602 0.00047187 -12.6489 0.000196892
130 600 9.04224 0.00031334 -12.5859 0.000240228
135 600 8.96254 0.00047 -12.5243 0.000438304
140 600 8.88662 0.000486362 -12.4624 0.000433192
145 600 8.81549 0.000525569 -12.4021 0.000488748
150 600 8.74724 0.000535911 -12.3425 0.000524892
155 600 8.68129 0.000495557 -12.2832 0.000441164
160 600 8.6154 0.000496369 -12.2213 0.000480153
165 600 8.55482 0.000345547 -12.163 0.00034907
170 600 8.49522 0.000636086 -12.1032 0.000568603
175 600 8.4377 0.000360089 -12.0442 0.000346246
180 600 8.38314 0.000616635 -11.9859 0.00069979
185 600 8.32748 0.000144055 -11.9256 0.000270905
190 600 8.27332 0.000202544 -11.8647 0.000106553
195 600 8.22223 0.000329374 -11.8061 0.000388754
200 600 8.16992 0.000160194 -11.7444 9.65326e-05
225 600 7.92396 0.000444529 -11.4298 0.000615377
250 600 7.68716 0.000347081 -11.0901 0.000640314
275 600 7.47528 0.000374947 -10.7521 0.000620485
300 600 7.28441 0.000420632 -10.4175 0.000707571
325 600 7.10629 0.000349274 -10.0769 0.00067602
350 600 6.9437 0.000412674 -9.73977 0.000895117
375 600 6.79366 0.000304282 -9.40561 0.000714933
400 600 6.65606 0.000222724 -9.07647 0.000538431
425 600 6.52901 0.00014507 -8.75226 0.000304075
450 600 6.40995 9.14471e-05 -8.42969 0.000751341
475 600 6.29764 8.28821e-05 -8.10801 0.000350939
500 600 6.19118 0.000131386 -7.78655 0.000367382
50 600 11.4769 0.00073714 -13.7721 0.000297738
525 600 6.0906 0.000162935 -7.46766 0.000508158
550 600 5.99564 0.000274112 -7.15164 0.000944523
575 600 5.90587 0.00016805 -6.83936 0.000576415
600 600 5.82053 0.000249452 -6.52932 0.00086047
625 600 5.73968 0.000233809 -6.22334 0.00088058
650 600 5.66252 0.000198514 -5.91912 0.000802452
660 600 5.63258 0.000169652 -5.79789 0.000711933
675 600 5.58886 0.000171171 -5.61766 0.000644821
690 600 5.54621 0.000127667 -5.43777 0.000553094
700 600 5.51827 9.43484e-05 -5.31792 0.000429895
710 600 5.49082 9.59161e-05 -5.19822 0.000437407
725 600 5.45046 5.84856e-05 -5.01888 0.000291364
735 600 5.42393 6.34503e-05 -4.89935 0.000285452
750 600 5.3849 8.44079e-05 -4.72047 0.000365429
75 600 10.4121 0.000159492 -13.3798 0.00014831
760 600 5.35931 5.44336e-05 -4.60148 0.000285678
775 600 5.32167 3.64084e-05 -4.42283 0.00021147
800 600 5.26056 5.26374e-05 -4.12617 0.000311764
100 700 9.67172 0.000275913 -12.9638 4.13522e-05
125 700 9.14757 0.000363015 -12.6243 0.000316736
150 700 8.76398 5.69328e-05 -12.3173 0.000123897
175 700 8.45311 0.000517218 -12.0196 0.000532576
200 700 8.18368 0.000468519 -11.7187 0.000561856
225 700 7.93915 0.000610866 -11.4069 0.00074157
250 700 7.69825 0.000384382 -11.0661 0.000640991
275 700 7.48554 0.000354781 -10.7282 0.000640981
300 700 7.29048 2.15351e-05 -10.3872 0.000170517
325 700 7.11253 0.000170341 -10.0483 0.000397981
350 700 6.94842 0.00026847 -9.70851 0.000459739
375 700 6.79815 0.000250671 -9.37413 0.000528606
400 700 6.65998 0.000229686 -9.04419 0.000570725
425 700 6.532 0.000315573 -8.71882 0.000820776
450 700 6.41263 0.000299639 -8.39602 0.000833501
475 700 6.30025 0.000329604 -8.07464 0.00100695
500 700 6.19408 0.000275657 -7.75471 0.000833417
50 700 11.5005 0.000987031 -13.7323 0.000327581
525 700 6.09392 0.000155785 -7.43784 0.000509923
550 700 5.99886 2.37138e-05 -7.12198 0.000383562
575 700 5.9089 0.000227014 -6.81008 0.000836731
600 700 5.82365 8.64986e-05 -6.50047 0.000350046
625 700 5.74286 0.000223653 -6.19552 0.000487258
650 700 5.66574 0.00019088 -5.89239 nan
660 700 5.63585 0.00021597 -5.77053 9.72317e-05
675 700 5.59198 0.000199284 -5.59018 0.000371624
700 700 5.52155 0.000164997 -5.29158 nan
710 700 5.49391 0.00015273 -5.17069 0.000423695
725 700 5.4535 0.000163444 -4.99224 nan
735 700 5.42699 0.000139345 -4.87256 0.000349569
750 700 5.38816 0.000156075 -4.69473 0.000229009
75 700 10.4353 0.000383383 -13.3491 0.000246487
760 700 5.36268 0.000119846 -4.57593 nan
775 700 5.32499 0.000123617 -4.39714 0.000493225
785 700 5.30042 0.000105488 -4.27876 0.00023598
800 700 5.26398 5.19712e-05 -4.10098 0.000239259
100 800 9.69978 0.000354146 -12.9386 0.000524643
125 800 9.16868 0.000688051 -12.5984 0.000535966
150 800 8.7804 8.49698e-05 -12.2909 9.87283e-05
175 800 8.46633 0.000520104 -11.9917 0.000412823
200 800 8.19612 0.000271271 -11.6925 0.00050384
225 800 7.95076 0.000578396 -11.3809 0.00081144
250 800 7.71162 0.00040297 -11.0444 0.000751094
275 800 7.49415 0.000465772 -10.7014 0.000856563
300 800 7.29815 0.000541762 -10.3596 0.000998956
325 800 7.11842 0.00044995 -10.0175 0.000934066
350 800 6.95413 0.000366956 -9.67935 0.000769123
375 800 6.80245 0.000309836 -9.3427 0.000774065
400 800 6.66383 0.000196909 -9.0132 0.000224136
425 800 6.53512 0.0001666 -8.68587 0.000438558
450 800 6.4158 0.000324015 -8.36393 0.000927108
475 800 6.30323 0.000190352 -8.04315 0.000573664
500 800 6.19715 0.000192843 -7.72338 0.000660671
50 800 11.5321 0.00106435 -13.6935 0.000403501
525 800 6.0969 0.000220658 -7.40731 0.000713772
550 800 6.00191 0.000288994 -7.09164 0.000964046
575 800 5.9123 0.000235238 -6.78115 0.000886247
600 800 5.82676 0.000216785 -6.47175 0.000820778
625 800 5.74591 0.000230681 -6.16697 0.000912936
650 800 5.66868 0.00020452 -5.86289 0.000886154
660 800 5.639 0.000185772 -5.7429 0.000803613
675 800 5.59513 0.000193366 -5.56309 0.000847029
690 800 5.55241 0.000155418 -5.38307 0.000735426
700 800 5.52464 0.000180996 -5.26327 0.000827131
710 800 5.49697 0.000150808 -5.14375 0.000695675
725 800 5.45655 0.00012334 -4.96476 0.000646204
735 800 5.43016 0.000133283 -4.84593 0.000649212
750 800 5.39122 0.000124178 -4.66735 0.000624019
75 800 10.4608 0.00082088 -13.3172 0.000426721
760 800 5.3657 0.000107936 -4.54892 0.000470451
775 800 5.32805 0.000102095 -4.37062 0.000542638
785 800 5.30341 7.83336e-05 -4.25185 0.000400337
800 800 5.267 8.48379e-05 -4.07401 0.000470137
100 900 9.7262 0.000377511 -12.9127 0.00029007
125 900 9.18937 0.000423468 -12.572 0.000491372
150 900 8.79781 0.000495136 -12.2644 0.00052476
175 900 8.47977 0.000163699 -11.9639 0.000266501
200 900 8.20852 0.000608553 -11.6651 0.000549687
225 900 7.96116 0.000633085 -11.3535 0.00057909
250 900 7.72416 0.000592777 -11.0208 0.000894943
275 900 7.50276 0.000442767 -10.6739 0.00059357
300 900 7.30578 0.000184474 -10.3316 0.000249214
325 900 7.12512 0.00028042 -9.98979 0.000230242
350 900 6.95939 0.000330739 -9.64895 0.000812816
375 900 6.80779 0.000365323 -9.31395 0.000831094
400 900 6.6679 0.000457593 -8.98096 0.00114994
425 900 6.53867 0.000335107 -8.65358 0.000891557
450 900 6.4189 0.000188438 -8.33125 0.000560951
475 900 6.30608 6.13396e-05 -8.01079 0.000439203
500 900 6.20043 0.00029249 -7.69343 0.000271594
50 900 11.57 0.00131446 -13.6573 0.000217437
525 900 6.09982 5.56567e-05 -7.37535 0.000223805
550 900 6.00517 0.000114174 -7.06239 0.000388648
575 900 5.91529 0.000245304 -6.75088 0.000343299
600 900 5.83015 8.8632e-05 -6.44286 0.000630492
625 900 5.7489 nan -6.13682 nan
650 900 5.67169 8.71362e-05 -5.83416 0.00033213
660 900 5.64198 nan -5.71417 nan
675 900 5.5978 5.52856e-05 -5.53284 0.000453914
690 900 5.55533 6.50361e-05 -5.35378 0.000494856
700 900 5.52722 5.36231e-05 -5.23456 0.000354582
710 900 5.49971 7.59494e-05 -5.11383 0.000578729
725 900 5.4595 0.000114172 -4.93585 0.000595269
735 900 5.43292 0.00014937 -4.8172 0.00082929
750 900 5.39391 0.000147643 -4.63854 0.000768799
75 900 10.4879 0.00106923 -13.2862 0.000611051
760 900 5.36836 0.000126054 -4.51897 0.000673807
775 900 5.33067 0.000148187 -4.34128 0.000807942
785 900 5.3059 0.000177176 -4.22246 0.000903812
800 900 5.26949 0.000133338 -4.04342 0.000798979
